# Temperatura_=_58.59
# Concentracion g/m^3_=_15000.0
# C_Vs_to_Am_M_A/Vsm_=_65563218390.804596
# pendiente_HvsI_1/m_=_3716.3
# ordenada_HvsI_A/m_=_1297.0
# frecuencia_Hz_=_302431.55020726874

Tiempo_(s)	Campo_(V.s)	Magnetizacion_(V.s)	Campo_(kA/m)	Magnetizacion_(A/m)
0.000000e+00	-7.983407e-06	-1.361087e-08	-5.689794e+01	-8.903235e+02
1.000000e-08	-7.979890e-06	-1.360678e-08	-5.687288e+01	-8.899322e+02
2.000000e-08	-7.973804e-06	-1.359896e-08	-5.682950e+01	-8.893841e+02
3.000000e-08	-7.965091e-06	-1.359137e-08	-5.676740e+01	-8.886879e+02
4.000000e-08	-7.953540e-06	-1.358111e-08	-5.668508e+01	-8.878540e+02
5.000000e-08	-7.938975e-06	-1.356647e-08	-5.658127e+01	-8.868931e+02
6.000000e-08	-7.921568e-06	-1.354755e-08	-5.645721e+01	-8.858150e+02
7.000000e-08	-7.901840e-06	-1.352005e-08	-5.631661e+01	-8.846279e+02
8.000000e-08	-7.879775e-06	-1.351865e-08	-5.615935e+01	-8.833375e+02
9.000000e-08	-7.854710e-06	-1.354646e-08	-5.598071e+01	-8.819475e+02
1.000000e-07	-7.826386e-06	-1.350336e-08	-5.577885e+01	-8.804588e+02
1.100000e-07	-7.795159e-06	-1.344532e-08	-5.555629e+01	-8.788709e+02
1.200000e-07	-7.761187e-06	-1.341526e-08	-5.531417e+01	-8.771816e+02
1.300000e-07	-7.724609e-06	-1.338754e-08	-5.505348e+01	-8.753877e+02
1.400000e-07	-7.685732e-06	-1.333716e-08	-5.477640e+01	-8.734852e+02
1.500000e-07	-7.644605e-06	-1.327139e-08	-5.448329e+01	-8.714691e+02
1.600000e-07	-7.601031e-06	-1.328661e-08	-5.417274e+01	-8.693337e+02
1.700000e-07	-7.554773e-06	-1.320383e-08	-5.384306e+01	-8.670717e+02
1.800000e-07	-7.505710e-06	-1.315316e-08	-5.349338e+01	-8.646743e+02
1.900000e-07	-7.453678e-06	-1.318285e-08	-5.312255e+01	-8.621311e+02
2.000000e-07	-7.398727e-06	-1.311136e-08	-5.273091e+01	-8.594299e+02
2.100000e-07	-7.341040e-06	-1.307300e-08	-5.231978e+01	-8.565577e+02
2.200000e-07	-7.280692e-06	-1.301573e-08	-5.188967e+01	-8.535008e+02
2.300000e-07	-7.217777e-06	-1.296889e-08	-5.144128e+01	-8.502466e+02
2.400000e-07	-7.152141e-06	-1.291338e-08	-5.097348e+01	-8.467844e+02
2.500000e-07	-7.083785e-06	-1.283472e-08	-5.048631e+01	-8.431069e+02
2.600000e-07	-7.012761e-06	-1.278983e-08	-4.998012e+01	-8.392110e+02
2.700000e-07	-6.938909e-06	-1.271591e-08	-4.945377e+01	-8.350983e+02
2.800000e-07	-6.862290e-06	-1.264147e-08	-4.890771e+01	-8.307751e+02
2.900000e-07	-6.782884e-06	-1.256824e-08	-4.834178e+01	-8.262517e+02
3.000000e-07	-6.700846e-06	-1.252489e-08	-4.775710e+01	-8.215412e+02
3.100000e-07	-6.616558e-06	-1.246192e-08	-4.715638e+01	-8.166573e+02
3.200000e-07	-6.529987e-06	-1.236079e-08	-4.653938e+01	-8.116129e+02
3.300000e-07	-6.441084e-06	-1.229810e-08	-4.590577e+01	-8.064174e+02
3.400000e-07	-6.349880e-06	-1.222382e-08	-4.525576e+01	-8.010758e+02
3.500000e-07	-6.256427e-06	-1.213306e-08	-4.458971e+01	-7.955872e+02
3.600000e-07	-6.160744e-06	-1.203629e-08	-4.390778e+01	-7.899447e+02
3.700000e-07	-6.062709e-06	-1.195491e-08	-4.320908e+01	-7.841361e+02
3.800000e-07	-5.962389e-06	-1.186530e-08	-4.249410e+01	-7.781453e+02
3.900000e-07	-5.859906e-06	-1.175705e-08	-4.176370e+01	-7.719542e+02
4.000000e-07	-5.755380e-06	-1.166324e-08	-4.101874e+01	-7.655450e+02
4.100000e-07	-5.648833e-06	-1.156530e-08	-4.025938e+01	-7.589026e+02
4.200000e-07	-5.540293e-06	-1.145822e-08	-3.948581e+01	-7.520160e+02
4.300000e-07	-5.429922e-06	-1.133529e-08	-3.869919e+01	-7.448799e+02
4.400000e-07	-5.317613e-06	-1.123003e-08	-3.789876e+01	-7.374945e+02
4.500000e-07	-5.203149e-06	-1.112452e-08	-3.708298e+01	-7.298651e+02
4.600000e-07	-5.086584e-06	-1.100254e-08	-3.625221e+01	-7.220000e+02
4.700000e-07	-4.968132e-06	-1.087703e-08	-3.540800e+01	-7.139088e+02
4.800000e-07	-4.847931e-06	-1.075524e-08	-3.455133e+01	-7.055995e+02
4.900000e-07	-4.725980e-06	-1.063024e-08	-3.368217e+01	-6.970766e+02
5.000000e-07	-4.602286e-06	-1.049191e-08	-3.280061e+01	-6.883386e+02
5.100000e-07	-4.476986e-06	-1.035247e-08	-3.190759e+01	-6.793775e+02
5.200000e-07	-4.350005e-06	-1.020591e-08	-3.100259e+01	-6.701788e+02
5.300000e-07	-4.221362e-06	-1.005100e-08	-3.008575e+01	-6.607224e+02
5.400000e-07	-4.091236e-06	-9.891989e-09	-2.915834e+01	-6.509850e+02
5.500000e-07	-3.959548e-06	-9.740565e-09	-2.821979e+01	-6.409423e+02
5.600000e-07	-3.826328e-06	-9.590031e-09	-2.727033e+01	-6.305722e+02
5.700000e-07	-3.691649e-06	-9.430975e-09	-2.631047e+01	-6.198571e+02
5.800000e-07	-3.555581e-06	-9.265308e-09	-2.534071e+01	-6.087860e+02
5.900000e-07	-3.418213e-06	-9.093881e-09	-2.436169e+01	-5.973550e+02
6.000000e-07	-3.279506e-06	-8.916523e-09	-2.337312e+01	-5.855670e+02
6.100000e-07	-3.139376e-06	-8.725442e-09	-2.237441e+01	-5.734299e+02
6.200000e-07	-2.997786e-06	-8.525610e-09	-2.136529e+01	-5.609541e+02
6.300000e-07	-2.855013e-06	-8.323006e-09	-2.034775e+01	-5.481492e+02
6.400000e-07	-2.711213e-06	-8.120977e-09	-1.932288e+01	-5.350204e+02
6.500000e-07	-2.566405e-06	-7.918272e-09	-1.829083e+01	-5.215662e+02
6.600000e-07	-2.420695e-06	-7.710269e-09	-1.725236e+01	-5.077758e+02
6.700000e-07	-2.274126e-06	-7.495896e-09	-1.620775e+01	-4.936289e+02
6.800000e-07	-2.126820e-06	-7.271432e-09	-1.515790e+01	-4.790969e+02
6.900000e-07	-1.978869e-06	-7.040230e-09	-1.410345e+01	-4.641444e+02
7.000000e-07	-1.830281e-06	-6.801433e-09	-1.304445e+01	-4.487334e+02
7.100000e-07	-1.681159e-06	-6.556327e-09	-1.198166e+01	-4.328267e+02
7.200000e-07	-1.531608e-06	-6.305516e-09	-1.091581e+01	-4.163922e+02
7.300000e-07	-1.381554e-06	-6.048668e-09	-9.846371e+00	-3.994054e+02
7.400000e-07	-1.230933e-06	-5.781516e-09	-8.772892e+00	-3.818511e+02
7.500000e-07	-1.079790e-06	-5.505726e-09	-7.695690e+00	-3.637237e+02
7.600000e-07	-9.282151e-07	-5.225391e-09	-6.615412e+00	-3.450244e+02
7.700000e-07	-7.762985e-07	-4.934456e-09	-5.532698e+00	-3.257574e+02
7.800000e-07	-6.241099e-07	-4.632223e-09	-4.448047e+00	-3.059248e+02
7.900000e-07	-4.717144e-07	-4.320332e-09	-3.361921e+00	-2.855206e+02
8.000000e-07	-3.191819e-07	-3.999849e-09	-2.274817e+00	-2.645254e+02
8.100000e-07	-1.665518e-07	-3.665037e-09	-1.187019e+00	-2.429022e+02
8.200000e-07	-1.380777e-08	-3.318255e-09	-9.840833e-02	-2.205947e+02
8.300000e-07	1.390045e-07	-2.963227e-09	9.906888e-01	-1.975284e+02
8.400000e-07	2.917826e-07	-2.598310e-09	2.079542e+00	-1.736149e+02
8.500000e-07	4.444805e-07	-2.218956e-09	3.167823e+00	-1.487599e+02
8.600000e-07	5.971069e-07	-1.823921e-09	4.255595e+00	-1.228726e+02
8.700000e-07	7.495711e-07	-1.417045e-09	5.342212e+00	-9.587853e+01
8.800000e-07	9.017901e-07	-9.934613e-10	6.427081e+00	-6.773087e+01
8.900000e-07	1.053732e-06	-5.490357e-10	7.509971e+00	-3.842247e+01
9.000000e-07	1.205271e-06	-8.838450e-11	8.589995e+00	-7.994639e+00
9.100000e-07	1.356256e-06	3.860113e-10	9.666073e+00	2.345738e+01
9.200000e-07	1.506634e-06	8.775378e-10	1.073782e+01	5.578327e+01
9.300000e-07	1.656460e-06	1.381494e-09	1.180563e+01	8.878140e+01
9.400000e-07	1.805689e-06	1.892699e-09	1.286919e+01	1.222072e+02
9.500000e-07	1.954282e-06	2.406912e-09	1.392821e+01	1.557854e+02
9.600000e-07	2.102240e-06	2.917875e-09	1.498272e+01	1.892257e+02
9.700000e-07	2.249497e-06	3.422349e-09	1.603222e+01	2.222391e+02
9.800000e-07	2.395920e-06	3.912555e-09	1.707578e+01	2.545546e+02
9.900000e-07	2.541441e-06	4.387537e-09	1.811292e+01	2.859344e+02
1.000000e-06	2.686046e-06	4.844559e-09	1.914351e+01	3.161853e+02
1.010000e-06	2.829601e-06	5.283827e-09	2.016663e+01	3.451664e+02
1.020000e-06	2.972018e-06	5.703953e-09	2.118164e+01	3.727922e+02
1.030000e-06	3.113272e-06	6.101378e-09	2.218836e+01	3.990309e+02
1.040000e-06	3.253247e-06	6.476302e-09	2.318597e+01	4.238983e+02
1.050000e-06	3.391906e-06	6.831181e-09	2.417420e+01	4.474489e+02
1.060000e-06	3.529306e-06	7.170344e-09	2.515345e+01	4.697645e+02
1.070000e-06	3.665346e-06	7.495598e-09	2.612301e+01	4.909423e+02
1.080000e-06	3.799992e-06	7.806821e-09	2.708264e+01	5.110839e+02
1.090000e-06	3.933289e-06	8.101494e-09	2.803265e+01	5.302854e+02
1.100000e-06	4.065183e-06	8.380267e-09	2.897266e+01	5.486308e+02
1.110000e-06	4.195665e-06	8.645081e-09	2.990261e+01	5.661877e+02
1.120000e-06	4.324670e-06	8.898705e-09	3.082203e+01	5.830067e+02
1.130000e-06	4.452112e-06	9.140876e-09	3.173031e+01	5.991229e+02
1.140000e-06	4.578044e-06	9.373611e-09	3.262783e+01	6.145594e+02
1.150000e-06	4.702461e-06	9.596820e-09	3.351456e+01	6.293320e+02
1.160000e-06	4.825220e-06	9.808237e-09	3.438947e+01	6.434543e+02
1.170000e-06	4.946225e-06	1.000991e-08	3.525187e+01	6.569414e+02
1.180000e-06	5.065413e-06	1.020282e-08	3.610132e+01	6.698132e+02
1.190000e-06	5.182717e-06	1.038612e-08	3.693736e+01	6.820956e+02
1.200000e-06	5.298076e-06	1.056204e-08	3.775952e+01	6.938201e+02
1.210000e-06	5.411356e-06	1.073299e-08	3.856687e+01	7.050220e+02
1.220000e-06	5.522561e-06	1.090123e-08	3.935943e+01	7.157381e+02
1.230000e-06	5.631822e-06	1.106215e-08	4.013814e+01	7.260029e+02
1.240000e-06	5.739149e-06	1.121399e-08	4.090306e+01	7.358463e+02
1.250000e-06	5.844425e-06	1.135802e-08	4.165336e+01	7.452909e+02
1.260000e-06	5.947477e-06	1.149514e-08	4.238782e+01	7.543516e+02
1.270000e-06	6.048362e-06	1.162713e-08	4.310683e+01	7.630356e+02
1.280000e-06	6.147060e-06	1.175484e-08	4.381025e+01	7.713440e+02
1.290000e-06	6.243387e-06	1.187711e-08	4.449678e+01	7.792743e+02
1.300000e-06	6.337423e-06	1.199075e-08	4.516697e+01	7.868237e+02
1.310000e-06	6.429281e-06	1.209720e-08	4.582165e+01	7.939919e+02
1.320000e-06	6.518859e-06	1.220074e-08	4.646007e+01	8.007838e+02
1.330000e-06	6.606038e-06	1.229969e-08	4.708140e+01	8.072115e+02
1.340000e-06	6.690884e-06	1.239117e-08	4.768610e+01	8.132940e+02
1.350000e-06	6.773376e-06	1.247617e-08	4.827402e+01	8.190569e+02
1.360000e-06	6.853393e-06	1.255762e-08	4.884430e+01	8.245305e+02
1.370000e-06	6.930870e-06	1.263628e-08	4.939649e+01	8.297465e+02
1.380000e-06	7.005692e-06	1.271050e-08	4.992974e+01	8.347349e+02
1.390000e-06	7.077881e-06	1.278284e-08	5.044424e+01	8.395211e+02
1.400000e-06	7.147563e-06	1.285349e-08	5.094086e+01	8.441232e+02
1.410000e-06	7.214695e-06	1.292153e-08	5.141931e+01	8.485502e+02
1.420000e-06	7.279258e-06	1.298760e-08	5.187945e+01	8.528019e+02
1.430000e-06	7.341345e-06	1.305141e-08	5.232195e+01	8.568698e+02
1.440000e-06	7.400934e-06	1.311104e-08	5.274664e+01	8.607386e+02
1.450000e-06	7.457877e-06	1.316345e-08	5.315247e+01	8.643896e+02
1.460000e-06	7.512151e-06	1.320971e-08	5.353929e+01	8.678037e+02
1.470000e-06	7.563528e-06	1.325277e-08	5.390545e+01	8.709645e+02
1.480000e-06	7.611783e-06	1.329362e-08	5.424937e+01	8.738608e+02
1.490000e-06	7.657240e-06	1.333170e-08	5.457334e+01	8.764887e+02
1.500000e-06	7.700059e-06	1.336655e-08	5.487851e+01	8.788522e+02
1.510000e-06	7.740067e-06	1.340040e-08	5.516365e+01	8.809627e+02
1.520000e-06	7.777396e-06	1.343249e-08	5.542970e+01	8.828377e+02
1.530000e-06	7.812018e-06	1.346126e-08	5.567645e+01	8.844985e+02
1.540000e-06	7.843755e-06	1.348563e-08	5.590264e+01	8.859677e+02
1.550000e-06	7.872745e-06	1.350748e-08	5.610925e+01	8.872667e+02
1.560000e-06	7.898873e-06	1.352538e-08	5.629547e+01	8.884130e+02
1.570000e-06	7.922041e-06	1.353691e-08	5.646059e+01	8.894195e+02
1.580000e-06	7.942530e-06	1.354801e-08	5.660661e+01	8.902928e+02
1.590000e-06	7.960282e-06	1.356019e-08	5.673313e+01	8.910341e+02
1.600000e-06	7.975026e-06	1.357051e-08	5.683821e+01	8.916397e+02
1.610000e-06	7.986616e-06	1.357676e-08	5.692081e+01	8.921028e+02
1.620000e-06	7.995074e-06	1.358113e-08	5.698109e+01	8.924153e+02
1.630000e-06	8.000694e-06	1.358546e-08	5.702115e+01	8.925695e+02
1.640000e-06	8.003542e-06	1.358770e-08	5.704145e+01	8.925600e+02
1.650000e-06	8.003550e-06	1.358879e-08	5.704150e+01	8.923845e+02
1.660000e-06	8.000883e-06	1.358099e-08	5.702249e+01	8.920447e+02
1.670000e-06	7.995519e-06	1.357210e-08	5.698426e+01	8.915455e+02
1.680000e-06	7.987415e-06	1.356201e-08	5.692651e+01	8.908953e+02
1.690000e-06	7.976723e-06	1.355111e-08	5.685031e+01	8.901039e+02
1.700000e-06	7.963198e-06	1.354399e-08	5.675391e+01	8.891821e+02
1.710000e-06	7.946958e-06	1.353575e-08	5.663817e+01	8.881402e+02
1.720000e-06	7.928410e-06	1.352708e-08	5.650597e+01	8.869868e+02
1.730000e-06	7.907474e-06	1.345936e-08	5.635677e+01	8.857286e+02
1.740000e-06	7.883650e-06	1.340375e-08	5.618697e+01	8.843698e+02
1.750000e-06	7.856386e-06	1.342337e-08	5.599266e+01	8.829122e+02
1.760000e-06	7.825551e-06	1.341156e-08	5.577290e+01	8.813559e+02
1.770000e-06	7.791755e-06	1.337168e-08	5.553203e+01	8.796989e+02
1.780000e-06	7.755634e-06	1.336935e-08	5.527459e+01	8.779385e+02
1.790000e-06	7.717147e-06	1.338667e-08	5.500030e+01	8.760708e+02
1.800000e-06	7.676625e-06	1.328629e-08	5.471149e+01	8.740913e+02
1.810000e-06	7.633960e-06	1.330405e-08	5.440742e+01	8.719944e+02
1.820000e-06	7.588637e-06	1.331013e-08	5.408441e+01	8.697733e+02
1.830000e-06	7.540724e-06	1.322496e-08	5.374293e+01	8.674200e+02
1.840000e-06	7.489909e-06	1.324438e-08	5.338077e+01	8.649243e+02
1.850000e-06	7.436001e-06	1.312414e-08	5.299656e+01	8.622748e+02
1.860000e-06	7.379304e-06	1.311652e-08	5.259249e+01	8.594584e+02
1.870000e-06	7.320019e-06	1.307434e-08	5.216996e+01	8.564618e+02
1.880000e-06	7.258100e-06	1.298579e-08	5.172866e+01	8.532717e+02
1.890000e-06	7.193303e-06	1.301731e-08	5.126685e+01	8.498769e+02
1.900000e-06	7.125744e-06	1.290986e-08	5.078535e+01	8.462686e+02
1.910000e-06	7.055363e-06	1.286215e-08	5.028374e+01	8.424424e+02
1.920000e-06	6.982178e-06	1.279889e-08	4.976216e+01	8.383983e+02
1.930000e-06	6.906390e-06	1.274971e-08	4.922201e+01	8.341412e+02
1.940000e-06	6.827812e-06	1.268064e-08	4.866199e+01	8.296803e+02
1.950000e-06	6.746623e-06	1.256351e-08	4.808335e+01	8.250279e+02
1.960000e-06	6.662998e-06	1.253995e-08	4.748735e+01	8.201977e+02
1.970000e-06	6.576869e-06	1.243073e-08	4.687351e+01	8.152031e+02
1.980000e-06	6.488313e-06	1.235683e-08	4.624237e+01	8.100548e+02
1.990000e-06	6.397525e-06	1.228616e-08	4.559532e+01	8.047595e+02
2.000000e-06	6.304578e-06	1.221990e-08	4.493289e+01	7.993180e+02
2.010000e-06	6.209330e-06	1.212301e-08	4.425405e+01	7.937254e+02
2.020000e-06	6.111793e-06	1.201129e-08	4.355890e+01	7.879713e+02
2.030000e-06	6.012020e-06	1.194174e-08	4.284781e+01	7.820404e+02
2.040000e-06	5.910137e-06	1.184241e-08	4.212170e+01	7.759151e+02
2.050000e-06	5.806113e-06	1.174676e-08	4.138031e+01	7.695774e+02
2.060000e-06	5.700097e-06	1.162974e-08	4.062473e+01	7.630108e+02
2.070000e-06	5.592242e-06	1.154357e-08	3.985605e+01	7.562030e+02
2.080000e-06	5.482385e-06	1.142789e-08	3.907310e+01	7.491468e+02
2.090000e-06	5.370490e-06	1.131308e-08	3.827562e+01	7.418406e+02
2.100000e-06	5.256570e-06	1.120899e-08	3.746370e+01	7.342882e+02
2.110000e-06	5.140642e-06	1.110020e-08	3.663748e+01	7.264972e+02
2.120000e-06	5.022707e-06	1.097293e-08	3.579696e+01	7.184772e+02
2.130000e-06	4.902850e-06	1.083597e-08	3.494274e+01	7.102368e+02
2.140000e-06	4.781239e-06	1.071477e-08	3.407601e+01	7.017818e+02
2.150000e-06	4.657951e-06	1.058336e-08	3.319733e+01	6.931129e+02
2.160000e-06	4.532950e-06	1.044849e-08	3.230645e+01	6.842243e+02
2.170000e-06	4.406266e-06	1.030594e-08	3.140357e+01	6.751033e+02
2.180000e-06	4.277891e-06	1.017150e-08	3.048864e+01	6.657316e+02
2.190000e-06	4.147987e-06	1.002463e-08	2.956280e+01	6.560867e+02
2.200000e-06	4.016584e-06	9.876421e-09	2.862629e+01	6.461441e+02
2.210000e-06	3.883665e-06	9.719324e-09	2.767898e+01	6.358809e+02
2.220000e-06	3.749328e-06	9.554055e-09	2.672156e+01	6.252777e+02
2.230000e-06	3.613498e-06	9.379988e-09	2.575349e+01	6.143212e+02
2.240000e-06	3.476309e-06	9.206319e-09	2.477574e+01	6.030053e+02
2.250000e-06	3.337797e-06	9.035933e-09	2.378856e+01	5.913308e+02
2.260000e-06	3.197975e-06	8.859846e-09	2.279205e+01	5.793043e+02
2.270000e-06	3.056988e-06	8.677664e-09	2.178723e+01	5.669357e+02
2.280000e-06	2.914749e-06	8.485427e-09	2.077349e+01	5.542351e+02
2.290000e-06	2.771271e-06	8.287854e-09	1.975091e+01	5.412097e+02
2.300000e-06	2.626800e-06	8.082959e-09	1.872127e+01	5.278602e+02
2.310000e-06	2.481501e-06	7.876629e-09	1.768572e+01	5.141791e+02
2.320000e-06	2.335454e-06	7.664283e-09	1.664484e+01	5.001490e+02
2.330000e-06	2.188634e-06	7.442694e-09	1.559845e+01	4.857438e+02
2.340000e-06	2.040959e-06	7.214247e-09	1.454597e+01	4.709300e+02
2.350000e-06	1.892525e-06	6.979587e-09	1.348807e+01	4.556700e+02
2.360000e-06	1.743481e-06	6.739150e-09	1.242583e+01	4.399259e+02
2.370000e-06	1.593950e-06	6.489374e-09	1.136012e+01	4.236636e+02
2.380000e-06	1.443932e-06	6.232469e-09	1.029094e+01	4.068558e+02
2.390000e-06	1.293449e-06	5.969738e-09	9.218446e+00	3.894845e+02
2.400000e-06	1.142562e-06	5.698141e-09	8.143066e+00	3.715409e+02
2.410000e-06	9.912908e-07	5.419377e-09	7.064954e+00	3.530244e+02
2.420000e-06	8.396497e-07	5.129987e-09	5.984205e+00	3.339389e+02
2.430000e-06	6.876962e-07	4.832742e-09	4.901228e+00	3.142876e+02
2.440000e-06	5.354971e-07	4.525126e-09	3.816501e+00	2.940680e+02
2.450000e-06	3.830874e-07	4.209115e-09	2.730273e+00	2.732654e+02
2.460000e-06	2.305481e-07	3.884922e-09	1.643122e+00	2.518487e+02
2.470000e-06	7.789437e-08	3.545527e-09	5.551551e-01	2.297679e+02
2.480000e-06	-7.490465e-08	3.191509e-09	-5.338473e-01	2.069540e+02
2.490000e-06	-2.277417e-07	2.824145e-09	-1.623121e+00	1.833224e+02
2.500000e-06	-3.804751e-07	2.444940e-09	-2.711656e+00	1.587798e+02
2.510000e-06	-5.330658e-07	2.051742e-09	-3.799173e+00	1.332329e+02
2.520000e-06	-6.854477e-07	1.646500e-09	-4.885203e+00	1.066007e+02
2.530000e-06	-8.375843e-07	1.228320e-09	-5.969484e+00	7.882617e+01
2.540000e-06	-9.894492e-07	7.930558e-10	-7.051829e+00	4.988829e+01
2.550000e-06	-1.140909e-06	3.393539e-10	-8.131287e+00	1.981198e+01
2.560000e-06	-1.291879e-06	-1.317707e-10	-9.207252e+00	-1.132517e+01
2.570000e-06	-1.442396e-06	-6.192934e-10	-1.027999e+01	-4.339038e+01
2.580000e-06	-1.592419e-06	-1.123800e-09	-1.134921e+01	-7.619782e+01
2.590000e-06	-1.741887e-06	-1.641131e-09	-1.241447e+01	-1.095155e+02
2.600000e-06	-1.890831e-06	-2.163015e-09	-1.347600e+01	-1.430766e+02
2.610000e-06	-2.039086e-06	-2.683337e-09	-1.453262e+01	-1.765937e+02
2.620000e-06	-2.186427e-06	-3.196216e-09	-1.558272e+01	-2.097756e+02
2.630000e-06	-2.332883e-06	-3.694519e-09	-1.662652e+01	-2.423438e+02
2.640000e-06	-2.478550e-06	-4.175533e-09	-1.766468e+01	-2.740483e+02
2.650000e-06	-2.623339e-06	-4.639727e-09	-1.869660e+01	-3.046806e+02
2.660000e-06	-2.767119e-06	-5.085953e-09	-1.972133e+01	-3.340824e+02
2.670000e-06	-2.909781e-06	-5.510921e-09	-2.073808e+01	-3.621504e+02
2.680000e-06	-3.051286e-06	-5.915298e-09	-2.174659e+01	-3.888359e+02
2.690000e-06	-3.191574e-06	-6.303323e-09	-2.274643e+01	-4.141404e+02
2.700000e-06	-3.330586e-06	-6.674627e-09	-2.373717e+01	-4.381069e+02
2.710000e-06	-3.468356e-06	-7.024926e-09	-2.471906e+01	-4.608099e+02
2.720000e-06	-3.604805e-06	-7.353858e-09	-2.569154e+01	-4.823429e+02
2.730000e-06	-3.739883e-06	-7.667737e-09	-2.665424e+01	-5.028072e+02
2.740000e-06	-3.873639e-06	-7.970116e-09	-2.760752e+01	-5.223016e+02
2.750000e-06	-4.006038e-06	-8.259873e-09	-2.855113e+01	-5.409145e+02
2.760000e-06	-4.137018e-06	-8.534415e-09	-2.948463e+01	-5.587191e+02
2.770000e-06	-4.266585e-06	-8.794469e-09	-3.040806e+01	-5.757713e+02
2.780000e-06	-4.394656e-06	-9.044335e-09	-3.132082e+01	-5.921110e+02
2.790000e-06	-4.521217e-06	-9.283930e-09	-3.222283e+01	-6.077645e+02
2.800000e-06	-4.646279e-06	-9.512993e-09	-3.311415e+01	-6.227496e+02
2.810000e-06	-4.769608e-06	-9.733869e-09	-3.399311e+01	-6.370800e+02
2.820000e-06	-4.891212e-06	-9.947221e-09	-3.485979e+01	-6.507699e+02
2.830000e-06	-5.011111e-06	-1.014985e-08	-3.571431e+01	-6.638376e+02
2.840000e-06	-5.129080e-06	-1.034061e-08	-3.655508e+01	-6.763067e+02
2.850000e-06	-5.244998e-06	-1.052318e-08	-3.738123e+01	-6.882074e+02
2.860000e-06	-5.358801e-06	-1.069736e-08	-3.819230e+01	-6.995738e+02
2.870000e-06	-5.470436e-06	-1.086241e-08	-3.898793e+01	-7.104427e+02
2.880000e-06	-5.580003e-06	-1.102099e-08	-3.976882e+01	-7.208496e+02
2.890000e-06	-5.687613e-06	-1.117468e-08	-4.053576e+01	-7.308261e+02
2.900000e-06	-5.793294e-06	-1.132323e-08	-4.128895e+01	-7.403975e+02
2.910000e-06	-5.896900e-06	-1.146397e-08	-4.202736e+01	-7.495810e+02
2.920000e-06	-5.998274e-06	-1.159700e-08	-4.274985e+01	-7.583863e+02
2.930000e-06	-6.097466e-06	-1.172397e-08	-4.345679e+01	-7.668161e+02
2.940000e-06	-6.194523e-06	-1.184521e-08	-4.414852e+01	-7.748689e+02
2.950000e-06	-6.289365e-06	-1.196223e-08	-4.482446e+01	-7.825415e+02
2.960000e-06	-6.381864e-06	-1.207341e-08	-4.548370e+01	-7.898325e+02
2.970000e-06	-6.472112e-06	-1.217812e-08	-4.612691e+01	-7.967450e+02
2.980000e-06	-6.560076e-06	-1.227812e-08	-4.675383e+01	-8.032886e+02
2.990000e-06	-6.645613e-06	-1.237331e-08	-4.736345e+01	-8.094800e+02
3.000000e-06	-6.728783e-06	-1.246362e-08	-4.795621e+01	-8.153431e+02
3.010000e-06	-6.809591e-06	-1.254861e-08	-4.853212e+01	-8.209069e+02
3.020000e-06	-6.887808e-06	-1.262889e-08	-4.908958e+01	-8.262027e+02
3.030000e-06	-6.963359e-06	-1.270661e-08	-4.962803e+01	-8.312618e+02
3.040000e-06	-7.036402e-06	-1.278330e-08	-5.014861e+01	-8.361112e+02
3.050000e-06	-7.106933e-06	-1.285798e-08	-5.065129e+01	-8.407716e+02
3.060000e-06	-7.174875e-06	-1.293002e-08	-5.113552e+01	-8.452550e+02
3.070000e-06	-7.240272e-06	-1.299878e-08	-5.160160e+01	-8.495642e+02
3.080000e-06	-7.303147e-06	-1.306297e-08	-5.204971e+01	-8.536931e+02
3.090000e-06	-7.363408e-06	-1.312210e-08	-5.247919e+01	-8.576284e+02
3.100000e-06	-7.421086e-06	-1.317802e-08	-5.289026e+01	-8.613521e+02
3.110000e-06	-7.476021e-06	-1.322817e-08	-5.328179e+01	-8.648449e+02
3.120000e-06	-7.527962e-06	-1.327455e-08	-5.365197e+01	-8.680892e+02
3.130000e-06	-7.576809e-06	-1.331996e-08	-5.400011e+01	-8.710718e+02
3.140000e-06	-7.622787e-06	-1.336261e-08	-5.432780e+01	-8.737865e+02
3.150000e-06	-7.666272e-06	-1.340136e-08	-5.463771e+01	-8.762346e+02
3.160000e-06	-7.707237e-06	-1.343790e-08	-5.492967e+01	-8.784254e+02
3.170000e-06	-7.745465e-06	-1.347268e-08	-5.520212e+01	-8.803745e+02
3.180000e-06	-7.780936e-06	-1.350205e-08	-5.545493e+01	-8.821022e+02
3.190000e-06	-7.813706e-06	-1.352625e-08	-5.568848e+01	-8.836311e+02
3.200000e-06	-7.843636e-06	-1.354550e-08	-5.590179e+01	-8.849832e+02
3.210000e-06	-7.870687e-06	-1.356102e-08	-5.609458e+01	-8.861775e+02
3.220000e-06	-7.894947e-06	-1.357435e-08	-5.626749e+01	-8.872285e+02
3.230000e-06	-7.916347e-06	-1.358773e-08	-5.642000e+01	-8.881448e+02
3.240000e-06	-7.934917e-06	-1.360147e-08	-5.655235e+01	-8.889293e+02
3.250000e-06	-7.950656e-06	-1.361210e-08	-5.666452e+01	-8.895797e+02
3.260000e-06	-7.963276e-06	-1.361868e-08	-5.675446e+01	-8.900900e+02
3.270000e-06	-7.972888e-06	-1.362177e-08	-5.682297e+01	-8.904524e+02
3.280000e-06	-7.979606e-06	-1.362155e-08	-5.687085e+01	-8.906587e+02
3.290000e-06	-7.983437e-06	-1.361942e-08	-5.689816e+01	-8.907028e+02
3.300000e-06	-7.984584e-06	-1.361353e-08	-5.690633e+01	-8.905813e+02
