# Temperatura_=_47.89
# Concentracion g/m^3_=_15000.0
# C_Vs_to_Am_M_A/Vsm_=_65563218390.804596
# pendiente_HvsI_1/m_=_3716.3
# ordenada_HvsI_A/m_=_1297.0
# frecuencia_Hz_=_302432.16854751506

Tiempo_(s)	Campo_(V.s)	Magnetizacion_(V.s)	Campo_(kA/m)	Magnetizacion_(A/m)
0.000000e+00	-7.966777e-06	-1.291203e-08	-5.689677e+01	-8.453506e+02
1.000000e-08	-7.963703e-06	-1.291084e-08	-5.687481e+01	-8.450055e+02
2.000000e-08	-7.957971e-06	-1.290535e-08	-5.683388e+01	-8.445133e+02
3.000000e-08	-7.949595e-06	-1.289814e-08	-5.677406e+01	-8.438837e+02
4.000000e-08	-7.938378e-06	-1.289005e-08	-5.669395e+01	-8.431278e+02
5.000000e-08	-7.924165e-06	-1.287896e-08	-5.659244e+01	-8.422572e+02
6.000000e-08	-7.907120e-06	-1.286283e-08	-5.647071e+01	-8.412822e+02
7.000000e-08	-7.887739e-06	-1.284303e-08	-5.633230e+01	-8.402113e+02
8.000000e-08	-7.866037e-06	-1.282588e-08	-5.617731e+01	-8.390501e+02
9.000000e-08	-7.841490e-06	-1.283961e-08	-5.600199e+01	-8.378016e+02
1.000000e-07	-7.813732e-06	-1.283187e-08	-5.580375e+01	-8.364657e+02
1.100000e-07	-7.782948e-06	-1.277954e-08	-5.558390e+01	-8.350400e+02
1.200000e-07	-7.749357e-06	-1.274168e-08	-5.534400e+01	-8.335203e+02
1.300000e-07	-7.713114e-06	-1.272076e-08	-5.508516e+01	-8.319013e+02
1.400000e-07	-7.674616e-06	-1.268955e-08	-5.481022e+01	-8.301771e+02
1.500000e-07	-7.633874e-06	-1.262418e-08	-5.451925e+01	-8.283413e+02
1.600000e-07	-7.590734e-06	-1.259057e-08	-5.421115e+01	-8.263875e+02
1.700000e-07	-7.545006e-06	-1.258238e-08	-5.388458e+01	-8.243091e+02
1.800000e-07	-7.496544e-06	-1.249379e-08	-5.353848e+01	-8.220993e+02
1.900000e-07	-7.445071e-06	-1.250130e-08	-5.317086e+01	-8.197505e+02
2.000000e-07	-7.390638e-06	-1.250321e-08	-5.278212e+01	-8.172548e+02
2.100000e-07	-7.333564e-06	-1.243748e-08	-5.237451e+01	-8.146036e+02
2.200000e-07	-7.273818e-06	-1.240693e-08	-5.194782e+01	-8.117885e+02
2.300000e-07	-7.211449e-06	-1.233068e-08	-5.150240e+01	-8.088013e+02
2.400000e-07	-7.146329e-06	-1.228757e-08	-5.103732e+01	-8.056350e+02
2.500000e-07	-7.078479e-06	-1.222953e-08	-5.055276e+01	-8.022845e+02
2.600000e-07	-7.008012e-06	-1.217735e-08	-5.004950e+01	-7.987476e+02
2.700000e-07	-6.934777e-06	-1.211737e-08	-4.952647e+01	-7.950246e+02
2.800000e-07	-6.858712e-06	-1.204096e-08	-4.898324e+01	-7.911193e+02
2.900000e-07	-6.779789e-06	-1.197357e-08	-4.841959e+01	-7.870378e+02
3.000000e-07	-6.698228e-06	-1.191592e-08	-4.783710e+01	-7.827882e+02
3.100000e-07	-6.614426e-06	-1.188280e-08	-4.723861e+01	-7.783792e+02
3.200000e-07	-6.528394e-06	-1.180963e-08	-4.662418e+01	-7.738188e+02
3.300000e-07	-6.440000e-06	-1.172748e-08	-4.599290e+01	-7.691127e+02
3.400000e-07	-6.349258e-06	-1.166373e-08	-4.534484e+01	-7.642633e+02
3.500000e-07	-6.256244e-06	-1.159145e-08	-4.468056e+01	-7.592691e+02
3.600000e-07	-6.160926e-06	-1.150950e-08	-4.399982e+01	-7.541241e+02
3.700000e-07	-6.063289e-06	-1.142275e-08	-4.330252e+01	-7.488185e+02
3.800000e-07	-5.963483e-06	-1.133480e-08	-4.258973e+01	-7.433393e+02
3.900000e-07	-5.861599e-06	-1.123965e-08	-4.186210e+01	-7.376723e+02
4.000000e-07	-5.757625e-06	-1.115070e-08	-4.111954e+01	-7.318035e+02
4.100000e-07	-5.651654e-06	-1.106584e-08	-4.036272e+01	-7.257206e+02
4.200000e-07	-5.543715e-06	-1.097414e-08	-3.959185e+01	-7.194147e+02
4.300000e-07	-5.433852e-06	-1.086609e-08	-3.880724e+01	-7.128811e+02
4.400000e-07	-5.322027e-06	-1.075463e-08	-3.800861e+01	-7.061195e+02
4.500000e-07	-5.208099e-06	-1.065188e-08	-3.719496e+01	-6.991331e+02
4.600000e-07	-5.092102e-06	-1.054925e-08	-3.636654e+01	-6.919280e+02
4.700000e-07	-4.974178e-06	-1.043931e-08	-3.552436e+01	-6.845108e+02
4.800000e-07	-4.854427e-06	-1.032463e-08	-3.466913e+01	-6.768869e+02
4.900000e-07	-4.732934e-06	-1.020483e-08	-3.380145e+01	-6.690583e+02
5.000000e-07	-4.609717e-06	-1.007804e-08	-3.292146e+01	-6.610225e+02
5.100000e-07	-4.484837e-06	-9.949726e-09	-3.202960e+01	-6.527713e+02
5.200000e-07	-4.358355e-06	-9.818476e-09	-3.112630e+01	-6.442907e+02
5.300000e-07	-4.230199e-06	-9.679179e-09	-3.021104e+01	-6.355618e+02
5.400000e-07	-4.100554e-06	-9.530949e-09	-2.928515e+01	-6.265629e+02
5.500000e-07	-3.969438e-06	-9.387174e-09	-2.834875e+01	-6.172708e+02
5.600000e-07	-3.836779e-06	-9.245994e-09	-2.740133e+01	-6.076641e+02
5.700000e-07	-3.702673e-06	-9.100641e-09	-2.644358e+01	-5.977251e+02
5.800000e-07	-3.567166e-06	-8.943889e-09	-2.547582e+01	-5.874413e+02
5.900000e-07	-3.430293e-06	-8.781332e-09	-2.449831e+01	-5.768067e+02
6.000000e-07	-3.292089e-06	-8.616380e-09	-2.351129e+01	-5.658215e+02
6.100000e-07	-3.152495e-06	-8.442634e-09	-2.251434e+01	-5.544906e+02
6.200000e-07	-3.011424e-06	-8.260632e-09	-2.150685e+01	-5.428221e+02
6.300000e-07	-2.869085e-06	-8.072574e-09	-2.049030e+01	-5.308239e+02
6.400000e-07	-2.725677e-06	-7.880065e-09	-1.946611e+01	-5.185014e+02
6.500000e-07	-2.581241e-06	-7.681820e-09	-1.843459e+01	-5.058546e+02
6.600000e-07	-2.435870e-06	-7.483366e-09	-1.739639e+01	-4.928760e+02
6.700000e-07	-2.289657e-06	-7.283296e-09	-1.635216e+01	-4.795503e+02
6.800000e-07	-2.142719e-06	-7.076167e-09	-1.530277e+01	-4.658541e+02
6.900000e-07	-1.995122e-06	-6.861182e-09	-1.424867e+01	-4.517580e+02
7.000000e-07	-1.846866e-06	-6.637931e-09	-1.318986e+01	-4.372292e+02
7.100000e-07	-1.698094e-06	-6.408403e-09	-1.212737e+01	-4.222343e+02
7.200000e-07	-1.548886e-06	-6.171578e-09	-1.106176e+01	-4.067430e+02
7.300000e-07	-1.399204e-06	-5.927441e-09	-9.992768e+00	-3.907308e+02
7.400000e-07	-1.249023e-06	-5.673941e-09	-8.920212e+00	-3.741808e+02
7.500000e-07	-1.098370e-06	-5.411167e-09	-7.844287e+00	-3.570840e+02
7.600000e-07	-9.473520e-07	-5.142273e-09	-6.765755e+00	-3.394377e+02
7.700000e-07	-7.959573e-07	-4.869294e-09	-5.684532e+00	-3.212431e+02
7.800000e-07	-6.442041e-07	-4.587884e-09	-4.600748e+00	-3.025009e+02
7.900000e-07	-4.922323e-07	-4.296479e-09	-3.515402e+00	-2.832064e+02
8.000000e-07	-3.400940e-07	-3.994474e-09	-2.428868e+00	-2.633447e+02
8.100000e-07	-1.878217e-07	-3.678673e-09	-1.341377e+00	-2.428872e+02
8.200000e-07	-3.545443e-08	-3.351439e-09	-2.532068e-01	-2.217890e+02
8.300000e-07	1.170075e-07	-3.014980e-09	8.356386e-01	-1.999895e+02
8.400000e-07	2.694743e-07	-2.669020e-09	1.924519e+00	-1.774146e+02
8.500000e-07	4.218474e-07	-2.309741e-09	3.012730e+00	-1.539834e+02
8.600000e-07	5.740940e-07	-1.937961e-09	4.100038e+00	-1.296152e+02
8.700000e-07	7.261712e-07	-1.554089e-09	5.186136e+00	-1.042398e+02
8.800000e-07	8.779685e-07	-1.156201e-09	6.270235e+00	-7.780841e+01
8.900000e-07	1.029490e-06	-7.413375e-10	7.352367e+00	-5.030317e+01
9.000000e-07	1.180722e-06	-3.094772e-10	8.432426e+00	-2.174641e+01
9.100000e-07	1.331465e-06	1.370012e-10	9.508996e+00	7.793549e+00
9.200000e-07	1.481632e-06	5.987772e-10	1.058145e+01	3.819982e+01
9.300000e-07	1.631192e-06	1.073513e-09	1.164957e+01	6.930843e+01
9.400000e-07	1.780175e-06	1.557393e-09	1.271357e+01	1.009139e+02
9.500000e-07	1.928649e-06	2.046270e-09	1.377394e+01	1.327785e+02
9.600000e-07	2.076493e-06	2.534958e-09	1.482980e+01	1.646446e+02
9.700000e-07	2.223529e-06	3.018611e-09	1.587990e+01	1.962485e+02
9.800000e-07	2.369731e-06	3.490996e-09	1.692404e+01	2.273352e+02
9.900000e-07	2.515065e-06	3.950560e-09	1.796198e+01	2.576719e+02
1.000000e-06	2.659425e-06	4.396535e-09	1.899296e+01	2.870600e+02
1.010000e-06	2.802775e-06	4.826881e-09	2.001673e+01	3.153435e+02
1.020000e-06	2.945066e-06	5.238527e-09	2.103294e+01	3.424133e+02
1.030000e-06	3.086203e-06	5.629555e-09	2.204091e+01	3.682090e+02
1.040000e-06	3.226074e-06	5.999095e-09	2.303983e+01	3.927148e+02
1.050000e-06	3.364536e-06	6.349014e-09	2.402869e+01	4.159544e+02
1.060000e-06	3.501661e-06	6.682061e-09	2.500800e+01	4.379816e+02
1.070000e-06	3.637526e-06	7.003162e-09	2.597831e+01	4.588711e+02
1.080000e-06	3.772043e-06	7.308725e-09	2.693901e+01	4.787087e+02
1.090000e-06	3.905225e-06	7.596545e-09	2.789016e+01	4.975818e+02
1.100000e-06	4.037080e-06	7.869353e-09	2.883183e+01	5.155729e+02
1.110000e-06	4.167466e-06	8.128417e-09	2.976302e+01	5.327537e+02
1.120000e-06	4.296377e-06	8.378216e-09	3.068367e+01	5.491833e+02
1.130000e-06	4.423786e-06	8.616775e-09	3.159359e+01	5.649072e+02
1.140000e-06	4.549628e-06	8.845751e-09	3.249233e+01	5.799592e+02
1.150000e-06	4.674001e-06	9.064130e-09	3.338057e+01	5.943640e+02
1.160000e-06	4.796746e-06	9.269850e-09	3.425718e+01	6.081410e+02
1.170000e-06	4.917697e-06	9.464369e-09	3.512098e+01	6.213073e+02
1.180000e-06	5.036858e-06	9.649142e-09	3.597200e+01	6.338807e+02
1.190000e-06	5.154235e-06	9.827238e-09	3.681028e+01	6.458814e+02
1.200000e-06	5.269692e-06	9.999770e-09	3.763485e+01	6.573330e+02
1.210000e-06	5.383076e-06	1.016711e-08	3.844461e+01	6.682616e+02
1.220000e-06	5.494381e-06	1.033011e-08	3.923952e+01	6.786946e+02
1.230000e-06	5.603739e-06	1.048725e-08	4.002053e+01	6.886592e+02
1.240000e-06	5.711172e-06	1.063637e-08	4.078779e+01	6.981805e+02
1.250000e-06	5.816505e-06	1.077671e-08	4.154005e+01	7.072797e+02
1.260000e-06	5.919624e-06	1.090931e-08	4.227650e+01	7.159737e+02
1.270000e-06	6.020557e-06	1.103523e-08	4.299734e+01	7.242746e+02
1.280000e-06	6.119286e-06	1.115422e-08	4.370244e+01	7.321912e+02
1.290000e-06	6.215736e-06	1.126741e-08	4.439126e+01	7.397297e+02
1.300000e-06	6.309940e-06	1.137586e-08	4.506404e+01	7.468964e+02
1.310000e-06	6.401931e-06	1.147915e-08	4.572102e+01	7.536990e+02
1.320000e-06	6.491653e-06	1.157814e-08	4.636179e+01	7.601486e+02
1.330000e-06	6.578978e-06	1.167111e-08	4.698545e+01	7.662607e+02
1.340000e-06	6.664004e-06	1.175729e-08	4.759268e+01	7.720552e+02
1.350000e-06	6.746798e-06	1.183840e-08	4.818397e+01	7.775558e+02
1.360000e-06	6.827107e-06	1.191682e-08	4.875752e+01	7.827886e+02
1.370000e-06	6.904797e-06	1.199344e-08	4.931236e+01	7.877798e+02
1.380000e-06	6.979887e-06	1.206749e-08	4.984864e+01	7.925533e+02
1.390000e-06	7.052326e-06	1.213833e-08	5.036598e+01	7.971288e+02
1.400000e-06	7.122251e-06	1.220586e-08	5.086537e+01	8.015195e+02
1.410000e-06	7.189768e-06	1.227065e-08	5.134756e+01	8.057314e+02
1.420000e-06	7.254648e-06	1.233274e-08	5.181091e+01	8.097633e+02
1.430000e-06	7.316902e-06	1.239224e-08	5.225552e+01	8.136074e+02
1.440000e-06	7.376738e-06	1.244752e-08	5.268285e+01	8.172510e+02
1.450000e-06	7.433996e-06	1.249764e-08	5.309178e+01	8.206794e+02
1.460000e-06	7.488555e-06	1.254261e-08	5.348142e+01	8.238777e+02
1.470000e-06	7.540182e-06	1.258409e-08	5.385013e+01	8.268342e+02
1.480000e-06	7.588726e-06	1.262257e-08	5.419681e+01	8.295419e+02
1.490000e-06	7.634487e-06	1.265818e-08	5.452363e+01	8.319999e+02
1.500000e-06	7.677583e-06	1.269127e-08	5.483141e+01	8.342144e+02
1.510000e-06	7.717890e-06	1.272058e-08	5.511928e+01	8.361975e+02
1.520000e-06	7.755484e-06	1.274887e-08	5.538776e+01	8.379661e+02
1.530000e-06	7.790450e-06	1.277703e-08	5.563748e+01	8.395404e+02
1.540000e-06	7.822624e-06	1.280090e-08	5.586726e+01	8.409409e+02
1.550000e-06	7.852000e-06	1.281986e-08	5.607705e+01	8.421866e+02
1.560000e-06	7.878509e-06	1.283602e-08	5.626638e+01	8.432930e+02
1.570000e-06	7.902051e-06	1.285079e-08	5.643450e+01	8.442706e+02
1.580000e-06	7.922907e-06	1.286439e-08	5.658345e+01	8.451246e+02
1.590000e-06	7.941143e-06	1.287479e-08	5.671369e+01	8.458548e+02
1.600000e-06	7.956364e-06	1.288233e-08	5.682240e+01	8.464568e+02
1.610000e-06	7.968436e-06	1.288954e-08	5.690861e+01	8.469236e+02
1.620000e-06	7.977390e-06	1.289688e-08	5.697256e+01	8.472469e+02
1.630000e-06	7.983398e-06	1.290287e-08	5.701547e+01	8.474194e+02
1.640000e-06	7.986648e-06	1.290443e-08	5.703868e+01	8.474359e+02
1.650000e-06	7.987043e-06	1.290235e-08	5.704150e+01	8.472947e+02
1.660000e-06	7.984739e-06	1.289551e-08	5.702504e+01	8.469981e+02
1.670000e-06	7.979785e-06	1.288695e-08	5.698967e+01	8.465517e+02
1.680000e-06	7.972109e-06	1.287956e-08	5.693485e+01	8.459646e+02
1.690000e-06	7.961807e-06	1.287117e-08	5.686127e+01	8.452476e+02
1.700000e-06	7.948705e-06	1.286172e-08	5.676770e+01	8.444122e+02
1.710000e-06	7.932871e-06	1.284948e-08	5.665462e+01	8.434692e+02
1.720000e-06	7.914664e-06	1.283529e-08	5.652459e+01	8.424279e+02
1.730000e-06	7.894172e-06	1.280780e-08	5.637824e+01	8.412949e+02
1.740000e-06	7.870939e-06	1.274272e-08	5.621231e+01	8.400738e+02
1.750000e-06	7.844207e-06	1.273078e-08	5.602140e+01	8.387657e+02
1.760000e-06	7.813833e-06	1.273786e-08	5.580447e+01	8.373687e+02
1.770000e-06	7.780430e-06	1.270645e-08	5.556592e+01	8.358793e+02
1.780000e-06	7.744658e-06	1.267798e-08	5.531044e+01	8.342924e+02
1.790000e-06	7.706615e-06	1.269665e-08	5.503875e+01	8.326022e+02
1.800000e-06	7.666510e-06	1.268456e-08	5.475233e+01	8.308025e+02
1.810000e-06	7.624326e-06	1.261819e-08	5.445106e+01	8.288868e+02
1.820000e-06	7.579488e-06	1.266555e-08	5.413084e+01	8.268488e+02
1.830000e-06	7.531979e-06	1.260383e-08	5.379155e+01	8.246815e+02
1.840000e-06	7.481622e-06	1.255039e-08	5.343191e+01	8.223778e+02
1.850000e-06	7.428230e-06	1.252004e-08	5.305060e+01	8.199297e+02
1.860000e-06	7.372071e-06	1.243550e-08	5.264952e+01	8.173290e+02
1.870000e-06	7.313236e-06	1.244795e-08	5.222934e+01	8.145670e+02
1.880000e-06	7.251790e-06	1.237211e-08	5.179050e+01	8.116355e+02
1.890000e-06	7.187525e-06	1.234739e-08	5.133154e+01	8.085269e+02
1.900000e-06	7.120464e-06	1.231189e-08	5.085261e+01	8.052356e+02
1.910000e-06	7.050679e-06	1.222872e-08	5.035422e+01	8.017582e+02
1.920000e-06	6.978066e-06	1.219491e-08	4.983563e+01	7.980943e+02
1.930000e-06	6.902816e-06	1.212422e-08	4.929822e+01	7.942465e+02
1.940000e-06	6.824813e-06	1.208927e-08	4.874114e+01	7.902204e+02
1.950000e-06	6.744157e-06	1.199563e-08	4.816511e+01	7.860234e+02
1.960000e-06	6.661090e-06	1.192511e-08	4.757187e+01	7.816643e+02
1.970000e-06	6.575563e-06	1.187372e-08	4.696106e+01	7.771513e+02
1.980000e-06	6.487559e-06	1.177761e-08	4.633255e+01	7.724910e+02
1.990000e-06	6.397231e-06	1.172011e-08	4.568746e+01	7.676872e+02
2.000000e-06	6.304719e-06	1.164879e-08	4.502675e+01	7.627396e+02
2.010000e-06	6.209891e-06	1.158127e-08	4.434951e+01	7.576435e+02
2.020000e-06	6.112829e-06	1.148623e-08	4.365632e+01	7.523903e+02
2.030000e-06	6.013608e-06	1.139988e-08	4.294771e+01	7.469679e+02
2.040000e-06	5.912261e-06	1.131607e-08	4.222391e+01	7.413624e+02
2.050000e-06	5.808780e-06	1.122412e-08	4.148488e+01	7.355594e+02
2.060000e-06	5.703282e-06	1.112724e-08	4.073144e+01	7.295460e+02
2.070000e-06	5.595966e-06	1.103357e-08	3.996502e+01	7.233121e+02
2.080000e-06	5.486700e-06	1.094822e-08	3.918467e+01	7.168514e+02
2.090000e-06	5.375374e-06	1.084378e-08	3.838960e+01	7.101624e+02
2.100000e-06	5.262042e-06	1.074354e-08	3.758021e+01	7.032473e+02
2.110000e-06	5.146686e-06	1.063796e-08	3.675637e+01	6.961113e+02
2.120000e-06	5.029248e-06	1.052304e-08	3.591765e+01	6.887611e+02
2.130000e-06	4.909846e-06	1.039346e-08	3.506491e+01	6.812027e+02
2.140000e-06	4.788659e-06	1.027363e-08	3.419942e+01	6.734394e+02
2.150000e-06	4.665810e-06	1.015951e-08	3.332207e+01	6.654704e+02
2.160000e-06	4.541261e-06	1.004094e-08	3.243257e+01	6.572892e+02
2.170000e-06	4.415048e-06	9.915954e-09	3.153119e+01	6.488837e+02
2.180000e-06	4.287157e-06	9.787817e-09	3.061782e+01	6.402364e+02
2.190000e-06	4.157670e-06	9.654731e-09	2.969306e+01	6.313263e+02
2.200000e-06	4.026731e-06	9.512599e-09	2.875792e+01	6.221304e+02
2.210000e-06	3.894247e-06	9.367468e-09	2.781175e+01	6.126266e+02
2.220000e-06	3.760309e-06	9.213938e-09	2.685520e+01	6.027955e+02
2.230000e-06	3.624988e-06	9.052610e-09	2.588877e+01	5.926230e+02
2.240000e-06	3.488315e-06	8.885693e-09	2.491269e+01	5.821010e+02
2.250000e-06	3.350333e-06	8.723091e-09	2.392726e+01	5.712277e+02
2.260000e-06	3.211027e-06	8.562617e-09	2.293237e+01	5.600067e+02
2.270000e-06	3.070414e-06	8.395649e-09	2.192814e+01	5.484452e+02
2.280000e-06	2.928640e-06	8.218181e-09	2.091563e+01	5.365518e+02
2.290000e-06	2.785806e-06	8.033472e-09	1.989554e+01	5.243328e+02
2.300000e-06	2.641857e-06	7.842880e-09	1.886750e+01	5.117901e+02
2.310000e-06	2.496917e-06	7.646434e-09	1.783237e+01	4.989190e+02
2.320000e-06	2.351176e-06	7.444860e-09	1.679152e+01	4.857066e+02
2.330000e-06	2.204709e-06	7.233729e-09	1.574549e+01	4.721319e+02
2.340000e-06	2.057468e-06	7.013559e-09	1.469393e+01	4.581674e+02
2.350000e-06	1.909392e-06	6.790066e-09	1.363641e+01	4.437809e+02
2.360000e-06	1.760674e-06	6.566763e-09	1.257430e+01	4.289388e+02
2.370000e-06	1.611445e-06	6.337922e-09	1.150854e+01	4.136096e+02
2.380000e-06	1.461686e-06	6.097776e-09	1.043900e+01	3.977666e+02
2.390000e-06	1.311515e-06	5.848321e-09	9.366517e+00	3.813904e+02
2.400000e-06	1.160980e-06	5.590848e-09	8.291433e+00	3.644694e+02
2.410000e-06	1.010082e-06	5.325230e-09	7.213760e+00	3.469992e+02
2.420000e-06	8.588717e-07	5.050491e-09	6.133851e+00	3.289802e+02
2.430000e-06	7.073923e-07	4.767185e-09	5.052022e+00	3.104137e+02
2.440000e-06	5.556755e-07	4.474990e-09	3.968498e+00	2.912973e+02
2.450000e-06	4.037072e-07	4.174092e-09	2.883177e+00	2.716198e+02
2.460000e-06	2.515063e-07	3.867183e-09	1.796196e+00	2.513575e+02
2.470000e-06	9.914197e-08	3.552352e-09	7.080476e-01	2.304707e+02
2.480000e-06	-5.331974e-08	3.222011e-09	-3.807965e-01	2.089036e+02
2.490000e-06	-2.057668e-07	2.876068e-09	-1.469536e+00	1.865861e+02
2.500000e-06	-3.581424e-07	2.517420e-09	-2.557765e+00	1.634387e+02
2.510000e-06	-5.104212e-07	2.145363e-09	-3.645303e+00	1.393795e+02
2.520000e-06	-6.624946e-07	1.761020e-09	-4.731373e+00	1.143340e+02
2.530000e-06	-8.143544e-07	1.363929e-09	-5.815919e+00	8.824515e+01
2.540000e-06	-9.659407e-07	9.531543e-10	-6.898511e+00	6.108423e+01
2.550000e-06	-1.117125e-06	5.266648e-10	-7.978234e+00	3.285983e+01
2.560000e-06	-1.267898e-06	8.367164e-11	-9.055017e+00	3.625025e+00
2.570000e-06	-1.418228e-06	-3.733377e-10	-1.012864e+01	-2.651895e+01
2.580000e-06	-1.568040e-06	-8.427990e-10	-1.119856e+01	-5.742286e+01
2.590000e-06	-1.717307e-06	-1.324839e-09	-1.226459e+01	-8.889370e+01
2.600000e-06	-1.866005e-06	-1.816228e-09	-1.332655e+01	-1.207029e+02
2.610000e-06	-2.013984e-06	-2.310335e-09	-1.438338e+01	-1.525978e+02
2.620000e-06	-2.161121e-06	-2.801469e-09	-1.543420e+01	-1.843149e+02
2.630000e-06	-2.307406e-06	-3.283485e-09	-1.647893e+01	-2.155950e+02
2.640000e-06	-2.452801e-06	-3.750815e-09	-1.751730e+01	-2.461968e+02
2.650000e-06	-2.597336e-06	-4.202239e-09	-1.854953e+01	-2.759095e+02
2.660000e-06	-2.740952e-06	-4.635464e-09	-1.957521e+01	-3.045627e+02
2.670000e-06	-2.883482e-06	-5.049647e-09	-2.059312e+01	-3.320320e+02
2.680000e-06	-3.024812e-06	-5.446429e-09	-2.160246e+01	-3.582414e+02
2.690000e-06	-3.164889e-06	-5.826916e-09	-2.260286e+01	-3.831615e+02
2.700000e-06	-3.303769e-06	-6.191009e-09	-2.359470e+01	-4.068040e+02
2.710000e-06	-3.441419e-06	-6.535806e-09	-2.457777e+01	-4.292140e+02
2.720000e-06	-3.577741e-06	-6.861849e-09	-2.555135e+01	-4.504607e+02
2.730000e-06	-3.712696e-06	-7.172986e-09	-2.651516e+01	-4.706272e+02
2.740000e-06	-3.846356e-06	-7.470231e-09	-2.746973e+01	-4.898015e+02
2.750000e-06	-3.978709e-06	-7.752511e-09	-2.841496e+01	-5.080681e+02
2.760000e-06	-4.109625e-06	-8.019751e-09	-2.934993e+01	-5.255028e+02
2.770000e-06	-4.239132e-06	-8.274011e-09	-3.027484e+01	-5.421687e+02
2.780000e-06	-4.367202e-06	-8.517213e-09	-3.118949e+01	-5.581157e+02
2.790000e-06	-4.493718e-06	-8.750812e-09	-3.209303e+01	-5.733810e+02
2.800000e-06	-4.618714e-06	-8.975647e-09	-3.298572e+01	-5.879921e+02
2.810000e-06	-4.742116e-06	-9.192494e-09	-3.386702e+01	-6.019694e+02
2.820000e-06	-4.863775e-06	-9.402430e-09	-3.473589e+01	-6.153306e+02
2.830000e-06	-4.983652e-06	-9.601337e-09	-3.559202e+01	-6.280930e+02
2.840000e-06	-5.101652e-06	-9.786946e-09	-3.643474e+01	-6.402759e+02
2.850000e-06	-5.217613e-06	-9.962447e-09	-3.726291e+01	-6.519017e+02
2.860000e-06	-5.331424e-06	-1.013005e-08	-3.807572e+01	-6.629959e+02
2.870000e-06	-5.443075e-06	-1.028913e-08	-3.887310e+01	-6.735857e+02
2.880000e-06	-5.552620e-06	-1.044113e-08	-3.965545e+01	-6.836985e+02
2.890000e-06	-5.660269e-06	-1.058848e-08	-4.042425e+01	-6.933602e+02
2.900000e-06	-5.766044e-06	-1.073102e-08	-4.117967e+01	-7.025935e+02
2.910000e-06	-5.869691e-06	-1.086920e-08	-4.191989e+01	-7.114167e+02
2.920000e-06	-5.971085e-06	-1.100180e-08	-4.264402e+01	-7.198433e+02
2.930000e-06	-6.070251e-06	-1.112836e-08	-4.335224e+01	-7.278831e+02
2.940000e-06	-6.167370e-06	-1.124554e-08	-4.404584e+01	-7.355430e+02
2.950000e-06	-6.262357e-06	-1.135311e-08	-4.472422e+01	-7.428289e+02
2.960000e-06	-6.355002e-06	-1.145649e-08	-4.538586e+01	-7.497480e+02
2.970000e-06	-6.445388e-06	-1.155408e-08	-4.603138e+01	-7.563101e+02
2.980000e-06	-6.533544e-06	-1.164722e-08	-4.666097e+01	-7.625292e+02
2.990000e-06	-6.619295e-06	-1.173706e-08	-4.727338e+01	-7.684238e+02
3.000000e-06	-6.702585e-06	-1.182342e-08	-4.786822e+01	-7.740166e+02
3.010000e-06	-6.783510e-06	-1.190620e-08	-4.844616e+01	-7.793331e+02
3.020000e-06	-6.861937e-06	-1.198455e-08	-4.900626e+01	-7.843996e+02
3.030000e-06	-6.937705e-06	-1.206091e-08	-4.954738e+01	-7.892412e+02
3.040000e-06	-7.010914e-06	-1.213471e-08	-5.007023e+01	-7.938790e+02
3.050000e-06	-7.081625e-06	-1.220408e-08	-5.057522e+01	-7.983286e+02
3.060000e-06	-7.149798e-06	-1.226877e-08	-5.106210e+01	-8.025982e+02
3.070000e-06	-7.215481e-06	-1.233063e-08	-5.153119e+01	-8.066890e+02
3.080000e-06	-7.278611e-06	-1.239108e-08	-5.198205e+01	-8.105951e+02
3.090000e-06	-7.339117e-06	-1.244796e-08	-5.241417e+01	-8.143052e+02
3.100000e-06	-7.397037e-06	-1.250088e-08	-5.282782e+01	-8.178049e+02
3.110000e-06	-7.452254e-06	-1.254956e-08	-5.322217e+01	-8.210791e+02
3.120000e-06	-7.504569e-06	-1.259451e-08	-5.359579e+01	-8.241149e+02
3.130000e-06	-7.553786e-06	-1.263738e-08	-5.394728e+01	-8.269034e+02
3.140000e-06	-7.600010e-06	-1.267664e-08	-5.427740e+01	-8.294418e+02
3.150000e-06	-7.643754e-06	-1.271061e-08	-5.458981e+01	-8.317340e+02
3.160000e-06	-7.685106e-06	-1.274253e-08	-5.488514e+01	-8.337903e+02
3.170000e-06	-7.723675e-06	-1.277352e-08	-5.516059e+01	-8.356262e+02
3.180000e-06	-7.759435e-06	-1.280131e-08	-5.541598e+01	-8.372612e+02
3.190000e-06	-7.792566e-06	-1.282662e-08	-5.565259e+01	-8.387158e+02
3.200000e-06	-7.822870e-06	-1.284963e-08	-5.586901e+01	-8.400099e+02
3.210000e-06	-7.850298e-06	-1.286757e-08	-5.606490e+01	-8.411601e+02
3.220000e-06	-7.874978e-06	-1.288105e-08	-5.624116e+01	-8.421788e+02
3.230000e-06	-7.896759e-06	-1.289201e-08	-5.639671e+01	-8.430728e+02
3.240000e-06	-7.915676e-06	-1.290352e-08	-5.653181e+01	-8.438435e+02
3.250000e-06	-7.931832e-06	-1.291216e-08	-5.664719e+01	-8.444879e+02
3.260000e-06	-7.944894e-06	-1.291775e-08	-5.674048e+01	-8.449995e+02
3.270000e-06	-7.954838e-06	-1.292077e-08	-5.681150e+01	-8.453703e+02
3.280000e-06	-7.961850e-06	-1.292061e-08	-5.686158e+01	-8.455924e+02
3.290000e-06	-7.966016e-06	-1.291943e-08	-5.689133e+01	-8.456599e+02
3.300000e-06	-7.967521e-06	-1.291583e-08	-5.690207e+01	-8.455698e+02
