5.123361e+01
5.657933e+01
6.344034e+01
6.748975e+01
7.050450e+01
7.122339e+01
6.987695e+01
7.367431e+01
7.210576e+01
7.188203e+01
7.422231e+01
7.128791e+01
7.139980e+01
7.229681e+01
7.343586e+01
7.135144e+01
7.322325e+01
7.435487e+01
7.834412e+01
7.367146e+01
7.243390e+01
7.051352e+01
7.611733e+01
7.344303e+01
7.438979e+01
7.195052e+01
7.215536e+01
7.501342e+01
7.435894e+01
7.208086e+01
7.232441e+01
7.129542e+01
7.152037e+01
6.936865e+01
6.914134e+01
7.307486e+01
7.248433e+01
7.299476e+01
6.753103e+01
6.998300e+01
6.795431e+01
7.038834e+01
7.160155e+01
6.890380e+01
6.998314e+01
7.113373e+01
6.993303e+01
6.823989e+01
6.950871e+01
7.064660e+01
7.100534e+01
7.334568e+01
7.313458e+01
6.902498e+01
7.146783e+01
7.160934e+01
7.158529e+01
6.993572e+01
7.357214e+01
7.668737e+01
7.456403e+01
7.143743e+01
7.324807e+01
7.500157e+01
7.542561e+01
7.614350e+01
7.453720e+01
7.295409e+01
7.412219e+01
7.315580e+01
7.252580e+01
7.113900e+01
7.386205e+01
7.203685e+01
6.984116e+01
6.986811e+01
7.070791e+01
7.266415e+01
6.965848e+01
7.235134e+01
7.268221e+01
7.418683e+01
7.261747e+01
7.051804e+01
7.245149e+01
7.144815e+01
7.263997e+01
7.193341e+01
7.773519e+01
7.636253e+01
7.505918e+01
7.623075e+01
7.960341e+01
7.260579e+01
7.694458e+01
7.695431e+01
7.401847e+01
7.633254e+01
7.562734e+01
7.702431e+01
7.401133e+01
7.680294e+01
7.195947e+01
7.380484e+01
