5.144993e+02
5.130087e+02
5.087613e+02
5.075828e+02
5.032878e+02
5.053818e+02
5.012867e+02
5.033263e+02
5.036102e+02
5.035329e+02
5.005612e+02
4.980023e+02
4.968792e+02
4.971876e+02
4.997662e+02
4.969490e+02
4.946491e+02
4.926268e+02
4.915024e+02
4.932483e+02
4.941894e+02
4.910815e+02
4.862310e+02
4.886795e+02
4.878307e+02
4.854878e+02
4.860568e+02
4.876855e+02
4.853424e+02
4.785552e+02
4.856907e+02
4.800680e+02
4.847119e+02
4.785068e+02
4.813507e+02
4.794160e+02
4.798286e+02
4.786749e+02
4.816343e+02
4.781473e+02
4.784274e+02
4.749898e+02
4.765050e+02
4.753679e+02
4.758823e+02
4.769092e+02
4.748904e+02
4.741858e+02
4.716268e+02
4.699335e+02
4.737816e+02
4.707357e+02
4.699906e+02
4.667026e+02
4.668242e+02
4.690173e+02
4.703942e+02
4.682715e+02
4.643141e+02
4.733304e+02
4.662699e+02
4.641997e+02
4.641570e+02
4.662260e+02
4.627987e+02
4.641387e+02
4.673902e+02
4.584545e+02
4.648041e+02
4.634288e+02
4.598162e+02
4.611708e+02
4.633133e+02
4.606880e+02
4.601083e+02
4.596248e+02
4.604671e+02
4.607106e+02
4.559190e+02
4.554766e+02
4.555740e+02
4.606541e+02
4.568206e+02
4.537320e+02
4.564681e+02
4.562949e+02
4.590001e+02
4.589664e+02
4.607435e+02
4.589551e+02
4.583813e+02
4.583856e+02
4.626151e+02
4.573300e+02
4.543244e+02
4.559713e+02
4.555860e+02
4.570586e+02
4.524221e+02
4.617839e+02
4.561452e+02
4.584921e+02
4.572968e+02
4.583020e+02
4.549835e+02
