# Temperatura_=_52.96
# Concentracion g/m^3_=_15000.0
# C_Vs_to_Am_M_A/Vsm_=_65563218390.804596
# pendiente_HvsI_1/m_=_3716.3
# ordenada_HvsI_A/m_=_1297.0
# frecuencia_Hz_=_302395.34828551847

Tiempo_(s)	Campo_(V.s)	Magnetizacion_(V.s)	Campo_(kA/m)	Magnetizacion_(A/m)
0.000000e+00	-8.107584e-06	-2.017695e-09	-5.691612e+01	-1.316144e+02
1.000000e-08	-8.103195e-06	-2.016505e-09	-5.688531e+01	-1.315377e+02
2.000000e-08	-8.096282e-06	-2.012190e-09	-5.683678e+01	-1.314279e+02
3.000000e-08	-8.086645e-06	-2.010332e-09	-5.676913e+01	-1.312867e+02
4.000000e-08	-8.074090e-06	-2.010055e-09	-5.668099e+01	-1.311170e+02
5.000000e-08	-8.058532e-06	-2.007602e-09	-5.657177e+01	-1.309222e+02
6.000000e-08	-8.040266e-06	-2.005060e-09	-5.644354e+01	-1.307066e+02
7.000000e-08	-8.019712e-06	-2.007294e-09	-5.629925e+01	-1.304741e+02
8.000000e-08	-7.996530e-06	-2.029593e-09	-5.613651e+01	-1.302285e+02
9.000000e-08	-7.970091e-06	-2.022405e-09	-5.595090e+01	-1.299721e+02
1.000000e-07	-7.940400e-06	-1.980302e-09	-5.574247e+01	-1.297061e+02
1.100000e-07	-7.907785e-06	-1.968470e-09	-5.551351e+01	-1.294296e+02
1.200000e-07	-7.872413e-06	-1.975436e-09	-5.526519e+01	-1.291402e+02
1.300000e-07	-7.834479e-06	-1.966059e-09	-5.499890e+01	-1.288337e+02
1.400000e-07	-7.794255e-06	-1.939859e-09	-5.471652e+01	-1.285049e+02
1.500000e-07	-7.751753e-06	-1.945890e-09	-5.441815e+01	-1.281480e+02
1.600000e-07	-7.706635e-06	-1.971407e-09	-5.410142e+01	-1.277573e+02
1.700000e-07	-7.658730e-06	-1.926994e-09	-5.376512e+01	-1.273281e+02
1.800000e-07	-7.607923e-06	-1.918575e-09	-5.340845e+01	-1.268568e+02
1.900000e-07	-7.554137e-06	-1.932657e-09	-5.303086e+01	-1.263421e+02
2.000000e-07	-7.497460e-06	-1.912269e-09	-5.263298e+01	-1.257845e+02
2.100000e-07	-7.438014e-06	-1.913665e-09	-5.221567e+01	-1.251865e+02
2.200000e-07	-7.375954e-06	-1.918914e-09	-5.178000e+01	-1.245525e+02
2.300000e-07	-7.311267e-06	-1.908694e-09	-5.132589e+01	-1.238876e+02
2.400000e-07	-7.243781e-06	-1.846905e-09	-5.085213e+01	-1.231979e+02
2.500000e-07	-7.173533e-06	-1.847928e-09	-5.035898e+01	-1.224887e+02
2.600000e-07	-7.100437e-06	-1.873351e-09	-4.984584e+01	-1.217645e+02
2.700000e-07	-7.024449e-06	-1.846071e-09	-4.931240e+01	-1.210283e+02
2.800000e-07	-6.945658e-06	-1.815038e-09	-4.875928e+01	-1.202814e+02
2.900000e-07	-6.864157e-06	-1.807081e-09	-4.818713e+01	-1.195230e+02
3.000000e-07	-6.780300e-06	-1.800381e-09	-4.759844e+01	-1.187508e+02
3.100000e-07	-6.694164e-06	-1.772233e-09	-4.699376e+01	-1.179611e+02
3.200000e-07	-6.605613e-06	-1.776715e-09	-4.637212e+01	-1.171496e+02
3.300000e-07	-6.514666e-06	-1.774204e-09	-4.573366e+01	-1.163119e+02
3.400000e-07	-6.421413e-06	-1.750871e-09	-4.507902e+01	-1.154444e+02
3.500000e-07	-6.325834e-06	-1.740928e-09	-4.440804e+01	-1.145443e+02
3.600000e-07	-6.227821e-06	-1.737513e-09	-4.371998e+01	-1.136106e+02
3.700000e-07	-6.127505e-06	-1.722994e-09	-4.301575e+01	-1.126433e+02
3.800000e-07	-6.025049e-06	-1.694232e-09	-4.229650e+01	-1.116443e+02
3.900000e-07	-5.920460e-06	-1.672308e-09	-4.156228e+01	-1.106159e+02
4.000000e-07	-5.813730e-06	-1.648940e-09	-4.081302e+01	-1.095612e+02
4.100000e-07	-5.704991e-06	-1.631031e-09	-4.004966e+01	-1.084831e+02
4.200000e-07	-5.594311e-06	-1.626403e-09	-3.927267e+01	-1.073838e+02
4.300000e-07	-5.481512e-06	-1.620983e-09	-3.848081e+01	-1.062642e+02
4.400000e-07	-5.366458e-06	-1.592883e-09	-3.767312e+01	-1.051239e+02
4.500000e-07	-5.249332e-06	-1.563214e-09	-3.685088e+01	-1.039611e+02
4.600000e-07	-5.130389e-06	-1.550923e-09	-3.601589e+01	-1.027726e+02
4.700000e-07	-5.009607e-06	-1.535056e-09	-3.516799e+01	-1.015542e+02
4.800000e-07	-4.886927e-06	-1.513892e-09	-3.430676e+01	-1.003015e+02
4.900000e-07	-4.762496e-06	-1.497224e-09	-3.343324e+01	-9.901005e+01
5.000000e-07	-4.636450e-06	-1.475520e-09	-3.254838e+01	-9.767625e+01
5.100000e-07	-4.508721e-06	-1.446063e-09	-3.165171e+01	-9.629765e+01
5.200000e-07	-4.379303e-06	-1.431137e-09	-3.074319e+01	-9.487325e+01
5.300000e-07	-4.248213e-06	-1.421488e-09	-2.982292e+01	-9.340357e+01
5.400000e-07	-4.115501e-06	-1.392123e-09	-2.889126e+01	-9.189050e+01
5.500000e-07	-3.981307e-06	-1.352143e-09	-2.794921e+01	-9.033694e+01
5.600000e-07	-3.845651e-06	-1.327941e-09	-2.699689e+01	-8.874629e+01
5.700000e-07	-3.708472e-06	-1.310106e-09	-2.603388e+01	-8.712191e+01
5.800000e-07	-3.569807e-06	-1.282824e-09	-2.506043e+01	-8.546654e+01
5.900000e-07	-3.429636e-06	-1.256789e-09	-2.407641e+01	-8.378183e+01
6.000000e-07	-3.287930e-06	-1.234873e-09	-2.308163e+01	-8.206805e+01
6.100000e-07	-3.144867e-06	-1.204157e-09	-2.207731e+01	-8.032392e+01
6.200000e-07	-3.000586e-06	-1.171120e-09	-2.106444e+01	-7.854675e+01
6.300000e-07	-2.855242e-06	-1.149456e-09	-2.004411e+01	-7.673263e+01
6.400000e-07	-2.708955e-06	-1.126014e-09	-1.901716e+01	-7.487695e+01
6.500000e-07	-2.561807e-06	-1.089221e-09	-1.798416e+01	-7.297479e+01
6.600000e-07	-2.413883e-06	-1.049142e-09	-1.694572e+01	-7.102148e+01
6.700000e-07	-2.265201e-06	-1.017657e-09	-1.590195e+01	-6.901299e+01
6.800000e-07	-2.115754e-06	-9.880576e-10	-1.485283e+01	-6.694630e+01
6.900000e-07	-1.965576e-06	-9.566263e-10	-1.379856e+01	-6.481951e+01
7.000000e-07	-1.814734e-06	-9.266108e-10	-1.273963e+01	-6.263186e+01
7.100000e-07	-1.663262e-06	-8.957933e-10	-1.167628e+01	-6.038350e+01
7.200000e-07	-1.511157e-06	-8.626287e-10	-1.060849e+01	-5.807525e+01
7.300000e-07	-1.358501e-06	-8.283032e-10	-9.536828e+00	-5.570817e+01
7.400000e-07	-1.205356e-06	-7.927996e-10	-8.461728e+00	-5.328318e+01
7.500000e-07	-1.051687e-06	-7.527455e-10	-7.382955e+00	-5.080068e+01
7.600000e-07	-8.976011e-07	-7.094291e-10	-6.301257e+00	-4.826026e+01
7.700000e-07	-7.432227e-07	-6.675950e-10	-5.217504e+00	-4.566049e+01
7.800000e-07	-5.886302e-07	-6.290092e-10	-4.132248e+00	-4.299888e+01
7.900000e-07	-4.338790e-07	-5.910470e-10	-3.045878e+00	-4.027190e+01
8.000000e-07	-2.790045e-07	-5.523884e-10	-1.958642e+00	-3.747513e+01
8.100000e-07	-1.240238e-07	-5.104435e-10	-8.706607e-01	-3.460344e+01
8.200000e-07	3.105716e-08	-4.657157e-10	2.180246e-01	-3.165122e+01
8.300000e-07	1.861707e-07	-4.204036e-10	1.306938e+00	-2.861267e+01
8.400000e-07	3.412327e-07	-3.726730e-10	2.395491e+00	-2.548194e+01
8.500000e-07	4.962573e-07	-3.231481e-10	3.483780e+00	-2.225342e+01
8.600000e-07	6.511572e-07	-2.730030e-10	4.571195e+00	-1.892194e+01
8.700000e-07	8.058197e-07	-2.227074e-10	5.656942e+00	-1.548300e+01
8.800000e-07	9.602598e-07	-1.702878e-10	6.741128e+00	-1.193304e+01
8.900000e-07	1.114412e-06	-1.168018e-10	7.823295e+00	-8.269780e+00
9.000000e-07	1.268178e-06	-6.285934e-11	8.902747e+00	-4.492581e+00
9.100000e-07	1.421509e-06	-5.934966e-12	9.979149e+00	-6.029052e-01
9.200000e-07	1.574349e-06	5.543712e-11	1.105210e+01	3.395239e+00
9.300000e-07	1.726495e-06	1.212595e-10	1.212018e+01	7.494858e+00
9.400000e-07	1.877819e-06	1.869211e-10	1.318250e+01	1.168562e+01
9.500000e-07	2.028352e-06	2.530897e-10	1.423925e+01	1.595364e+01
9.600000e-07	2.178151e-06	3.182797e-10	1.529086e+01	2.028148e+01
9.700000e-07	2.327181e-06	3.813460e-10	1.633707e+01	2.464844e+01
9.800000e-07	2.475369e-06	4.440695e-10	1.737736e+01	2.903099e+01
9.900000e-07	2.622673e-06	5.089086e-10	1.841145e+01	3.340368e+01
1.000000e-06	2.769028e-06	5.773404e-10	1.943888e+01	3.774008e+01
1.010000e-06	2.914374e-06	6.428423e-10	2.045922e+01	4.201401e+01
1.020000e-06	3.058586e-06	7.041709e-10	2.147161e+01	4.620072e+01
1.030000e-06	3.201586e-06	7.651062e-10	2.247548e+01	5.027816e+01
1.040000e-06	3.343374e-06	8.253212e-10	2.347085e+01	5.422792e+01
1.050000e-06	3.483897e-06	8.842231e-10	2.445734e+01	5.803600e+01
1.060000e-06	3.623086e-06	9.398440e-10	2.543446e+01	6.169324e+01
1.070000e-06	3.760975e-06	9.903308e-10	2.640245e+01	6.519529e+01
1.080000e-06	3.897347e-06	1.033697e-09	2.735980e+01	6.854231e+01
1.090000e-06	4.032120e-06	1.074476e-09	2.830592e+01	7.173823e+01
1.100000e-06	4.165490e-06	1.118230e-09	2.924219e+01	7.478983e+01
1.110000e-06	4.297381e-06	1.164517e-09	3.016808e+01	7.770564e+01
1.120000e-06	4.427812e-06	1.209894e-09	3.108372e+01	8.049485e+01
1.130000e-06	4.556766e-06	1.251418e-09	3.198900e+01	8.316634e+01
1.140000e-06	4.684053e-06	1.291564e-09	3.288256e+01	8.572781e+01
1.150000e-06	4.809725e-06	1.329590e-09	3.376479e+01	8.818536e+01
1.160000e-06	4.933793e-06	1.365051e-09	3.463576e+01	9.054323e+01
1.170000e-06	5.056179e-06	1.394950e-09	3.549493e+01	9.280394e+01
1.180000e-06	5.176704e-06	1.420040e-09	3.634102e+01	9.496866e+01
1.190000e-06	5.295289e-06	1.445707e-09	3.717351e+01	9.703773e+01
1.200000e-06	5.411945e-06	1.472839e-09	3.799244e+01	9.901132e+01
1.210000e-06	5.526493e-06	1.501256e-09	3.879658e+01	1.008900e+02
1.220000e-06	5.638823e-06	1.530820e-09	3.958515e+01	1.026754e+02
1.230000e-06	5.749057e-06	1.558929e-09	4.035900e+01	1.043701e+02
1.240000e-06	5.857358e-06	1.583665e-09	4.111929e+01	1.059784e+02
1.250000e-06	5.963633e-06	1.606325e-09	4.186535e+01	1.075053e+02
1.260000e-06	6.067625e-06	1.629293e-09	4.259538e+01	1.089571e+02
1.270000e-06	6.169321e-06	1.650115e-09	4.330930e+01	1.103401e+02
1.280000e-06	6.268791e-06	1.665924e-09	4.400759e+01	1.116606e+02
1.290000e-06	6.365814e-06	1.679761e-09	4.468871e+01	1.129244e+02
1.300000e-06	6.460495e-06	1.695645e-09	4.535338e+01	1.141360e+02
1.310000e-06	6.553004e-06	1.715057e-09	4.600280e+01	1.152987e+02
1.320000e-06	6.643165e-06	1.734644e-09	4.663574e+01	1.164144e+02
1.330000e-06	6.730882e-06	1.752077e-09	4.725152e+01	1.174839e+02
1.340000e-06	6.816271e-06	1.768564e-09	4.785096e+01	1.185071e+02
1.350000e-06	6.899360e-06	1.785189e-09	4.843426e+01	1.194834e+02
1.360000e-06	6.979909e-06	1.801244e-09	4.899972e+01	1.204120e+02
1.370000e-06	7.057827e-06	1.814836e-09	4.954672e+01	1.212928e+02
1.380000e-06	7.133086e-06	1.824844e-09	5.007504e+01	1.221259e+02
1.390000e-06	7.205643e-06	1.833724e-09	5.058440e+01	1.229128e+02
1.400000e-06	7.275639e-06	1.845469e-09	5.107578e+01	1.236555e+02
1.410000e-06	7.343105e-06	1.859835e-09	5.154940e+01	1.243567e+02
1.420000e-06	7.407932e-06	1.874052e-09	5.200449e+01	1.250197e+02
1.430000e-06	7.470168e-06	1.885755e-09	5.244139e+01	1.256479e+02
1.440000e-06	7.529917e-06	1.894171e-09	5.286083e+01	1.262442e+02
1.450000e-06	7.587013e-06	1.902132e-09	5.326166e+01	1.268110e+02
1.460000e-06	7.641343e-06	1.912961e-09	5.364306e+01	1.273500e+02
1.470000e-06	7.692713e-06	1.924814e-09	5.400368e+01	1.278618e+02
1.480000e-06	7.740926e-06	1.933351e-09	5.434214e+01	1.283463e+02
1.490000e-06	7.786293e-06	1.938468e-09	5.466062e+01	1.288027e+02
1.500000e-06	7.828979e-06	1.942908e-09	5.496029e+01	1.292296e+02
1.510000e-06	7.868809e-06	1.949611e-09	5.523990e+01	1.296257e+02
1.520000e-06	7.905877e-06	1.958894e-09	5.550012e+01	1.299899e+02
1.530000e-06	7.940171e-06	1.966992e-09	5.574086e+01	1.303215e+02
1.540000e-06	7.971580e-06	1.972621e-09	5.596136e+01	1.306205e+02
1.550000e-06	8.000231e-06	1.977048e-09	5.616249e+01	1.308872e+02
1.560000e-06	8.025991e-06	1.982745e-09	5.634333e+01	1.311225e+02
1.570000e-06	8.048740e-06	1.987618e-09	5.650303e+01	1.313276e+02
1.580000e-06	8.068671e-06	1.990353e-09	5.664295e+01	1.315036e+02
1.590000e-06	8.085704e-06	1.993383e-09	5.676252e+01	1.316513e+02
1.600000e-06	8.099709e-06	1.995828e-09	5.686083e+01	1.317711e+02
1.610000e-06	8.110595e-06	1.998743e-09	5.693726e+01	1.318626e+02
1.620000e-06	8.118400e-06	2.001739e-09	5.699205e+01	1.319251e+02
1.630000e-06	8.123367e-06	2.003058e-09	5.702692e+01	1.319572e+02
1.640000e-06	8.125444e-06	2.003324e-09	5.704150e+01	1.319576e+02
1.650000e-06	8.124648e-06	2.000961e-09	5.703591e+01	1.319251e+02
1.660000e-06	8.121248e-06	1.998403e-09	5.701205e+01	1.318590e+02
1.670000e-06	8.115166e-06	2.000276e-09	5.696934e+01	1.317596e+02
1.680000e-06	8.106305e-06	2.000396e-09	5.690714e+01	1.316282e+02
1.690000e-06	8.094649e-06	1.995935e-09	5.682531e+01	1.314672e+02
1.700000e-06	8.080148e-06	1.991765e-09	5.672352e+01	1.312799e+02
1.710000e-06	8.063084e-06	1.989603e-09	5.660373e+01	1.310704e+02
1.720000e-06	8.043713e-06	1.977968e-09	5.646774e+01	1.308429e+02
1.730000e-06	8.021748e-06	1.938318e-09	5.631355e+01	1.306010e+02
1.740000e-06	7.996610e-06	1.952480e-09	5.613707e+01	1.303478e+02
1.750000e-06	7.967789e-06	1.984439e-09	5.593474e+01	1.300847e+02
1.760000e-06	7.935494e-06	1.966862e-09	5.570803e+01	1.298117e+02
1.770000e-06	7.900606e-06	1.950660e-09	5.546311e+01	1.295267e+02
1.780000e-06	7.863339e-06	1.978667e-09	5.520150e+01	1.292261e+02
1.790000e-06	7.823806e-06	1.999999e-09	5.492397e+01	1.289050e+02
1.800000e-06	7.782248e-06	1.953546e-09	5.463223e+01	1.285577e+02
1.810000e-06	7.738129e-06	1.976024e-09	5.432250e+01	1.281784e+02
1.820000e-06	7.691260e-06	1.968453e-09	5.399348e+01	1.277618e+02
1.830000e-06	7.641695e-06	1.939980e-09	5.364553e+01	1.273043e+02
1.840000e-06	7.588985e-06	1.953392e-09	5.327550e+01	1.268034e+02
1.850000e-06	7.533332e-06	1.931910e-09	5.288481e+01	1.262593e+02
1.860000e-06	7.475013e-06	1.935982e-09	5.247540e+01	1.256738e+02
1.870000e-06	7.413968e-06	1.883832e-09	5.204686e+01	1.250507e+02
1.880000e-06	7.350181e-06	1.903091e-09	5.159907e+01	1.243951e+02
1.890000e-06	7.283567e-06	1.936176e-09	5.113143e+01	1.237126e+02
1.900000e-06	7.214135e-06	1.894143e-09	5.064401e+01	1.230089e+02
1.910000e-06	7.141866e-06	1.888490e-09	5.013668e+01	1.222891e+02
1.920000e-06	7.066881e-06	1.858837e-09	4.961028e+01	1.215564e+02
1.930000e-06	6.989090e-06	1.865864e-09	4.906417e+01	1.208129e+02
1.940000e-06	6.908553e-06	1.852950e-09	4.849879e+01	1.200583e+02
1.950000e-06	6.825570e-06	1.856491e-09	4.791625e+01	1.192907e+02
1.960000e-06	6.740016e-06	1.846278e-09	4.731564e+01	1.185070e+02
1.970000e-06	6.651880e-06	1.802121e-09	4.669692e+01	1.177028e+02
1.980000e-06	6.561331e-06	1.791831e-09	4.606126e+01	1.168739e+02
1.990000e-06	6.468553e-06	1.774069e-09	4.540995e+01	1.160162e+02
2.000000e-06	6.373529e-06	1.787140e-09	4.474287e+01	1.151267e+02
2.010000e-06	6.276235e-06	1.765801e-09	4.405985e+01	1.142037e+02
2.020000e-06	6.176762e-06	1.744439e-09	4.336154e+01	1.132470e+02
2.030000e-06	6.074956e-06	1.717687e-09	4.264685e+01	1.122579e+02
2.040000e-06	5.970868e-06	1.706157e-09	4.191615e+01	1.112385e+02
2.050000e-06	5.864777e-06	1.706555e-09	4.117137e+01	1.101918e+02
2.060000e-06	5.756795e-06	1.689919e-09	4.041333e+01	1.091209e+02
2.070000e-06	5.646720e-06	1.670043e-09	3.964059e+01	1.080281e+02
2.080000e-06	5.534520e-06	1.648170e-09	3.885293e+01	1.069149e+02
2.090000e-06	5.420274e-06	1.640693e-09	3.805092e+01	1.057813e+02
2.100000e-06	5.303922e-06	1.621749e-09	3.723411e+01	1.046259e+02
2.110000e-06	5.185470e-06	1.620284e-09	3.640257e+01	1.034460e+02
2.120000e-06	5.065052e-06	1.599063e-09	3.555721e+01	1.022376e+02
2.130000e-06	4.942878e-06	1.556814e-09	3.469954e+01	1.009963e+02
2.140000e-06	4.818995e-06	1.520871e-09	3.382987e+01	9.971758e+01
2.150000e-06	4.693357e-06	1.518743e-09	3.294788e+01	9.839762e+01
2.160000e-06	4.565888e-06	1.516379e-09	3.205303e+01	9.703349e+01
2.170000e-06	4.436728e-06	1.490586e-09	3.114631e+01	9.562372e+01
2.180000e-06	4.306038e-06	1.464600e-09	3.022886e+01	9.416834e+01
2.190000e-06	4.173853e-06	1.445508e-09	2.930090e+01	9.266884e+01
2.200000e-06	4.040105e-06	1.424871e-09	2.836197e+01	9.112783e+01
2.210000e-06	3.904766e-06	1.399501e-09	2.741188e+01	8.954861e+01
2.220000e-06	3.767943e-06	1.382379e-09	2.645137e+01	8.793463e+01
2.230000e-06	3.629736e-06	1.350096e-09	2.548114e+01	8.628888e+01
2.240000e-06	3.490105e-06	1.308711e-09	2.450091e+01	8.461339e+01
2.250000e-06	3.349002e-06	1.281085e-09	2.351036e+01	8.290892e+01
2.260000e-06	3.206549e-06	1.272016e-09	2.251033e+01	8.117467e+01
2.270000e-06	3.062794e-06	1.254487e-09	2.150115e+01	7.940838e+01
2.280000e-06	2.917897e-06	1.220572e-09	2.048395e+01	7.760651e+01
2.290000e-06	2.772055e-06	1.187618e-09	1.946013e+01	7.576462e+01
2.300000e-06	2.625326e-06	1.161429e-09	1.843008e+01	7.387783e+01
2.310000e-06	2.477672e-06	1.133820e-09	1.739353e+01	7.194132e+01
2.320000e-06	2.329225e-06	1.107530e-09	1.635141e+01	6.995085e+01
2.330000e-06	2.179972e-06	1.080328e-09	1.530364e+01	6.790302e+01
2.340000e-06	2.029836e-06	1.045131e-09	1.424967e+01	6.579558e+01
2.350000e-06	1.878947e-06	1.004614e-09	1.319041e+01	6.362741e+01
2.360000e-06	1.727469e-06	9.700224e-10	1.212702e+01	6.139839e+01
2.370000e-06	1.575561e-06	9.409417e-10	1.106061e+01	5.910917e+01
2.380000e-06	1.423126e-06	9.062958e-10	9.990501e+00	5.676078e+01
2.390000e-06	1.270129e-06	8.662932e-10	8.916444e+00	5.435422e+01
2.400000e-06	1.116717e-06	8.247174e-10	7.839471e+00	5.189011e+01
2.410000e-06	9.629562e-07	7.871453e-10	6.760057e+00	4.936830e+01
2.420000e-06	8.089451e-07	7.505245e-10	5.678883e+00	4.678772e+01
2.430000e-06	6.547155e-07	7.107934e-10	4.596174e+00	4.414622e+01
2.440000e-06	5.002961e-07	6.659984e-10	3.512133e+00	4.144059e+01
2.450000e-06	3.457025e-07	6.179652e-10	2.426869e+00	3.866667e+01
2.460000e-06	1.908879e-07	5.731926e-10	1.340054e+00	3.581955e+01
2.470000e-06	3.595204e-08	5.315446e-10	2.523872e-01	3.289374e+01
2.480000e-06	-1.189292e-07	4.887230e-10	-8.348957e-01	2.988347e+01
2.490000e-06	-2.737592e-07	4.420298e-10	-1.921819e+00	2.678289e+01
2.500000e-06	-4.286500e-07	3.894288e-10	-3.009170e+00	2.358629e+01
2.510000e-06	-5.834324e-07	3.340525e-10	-4.095759e+00	2.028832e+01
2.520000e-06	-7.379389e-07	2.792811e-10	-5.180412e+00	1.688426e+01
2.530000e-06	-8.922041e-07	2.266075e-10	-6.263370e+00	1.337020e+01
2.540000e-06	-1.046263e-06	1.725283e-10	-7.344880e+00	9.743403e+00
2.550000e-06	-1.200010e-06	1.097392e-10	-8.424198e+00	6.002671e+00
2.560000e-06	-1.353294e-06	4.423914e-11	-9.500269e+00	2.148737e+00
2.570000e-06	-1.506035e-06	-1.752795e-11	-1.057253e+01	-1.815260e+00
2.580000e-06	-1.658174e-06	-7.601700e-11	-1.164057e+01	-5.883329e+00
2.590000e-06	-1.809668e-06	-1.370175e-10	-1.270407e+01	-1.004624e+01
2.600000e-06	-1.960517e-06	-2.021444e-10	-1.376305e+01	-1.429126e+01
2.610000e-06	-2.110700e-06	-2.681410e-10	-1.481734e+01	-1.860210e+01
2.620000e-06	-2.260113e-06	-3.363487e-10	-1.586624e+01	-2.295903e+01
2.630000e-06	-2.408521e-06	-4.058112e-10	-1.690808e+01	-2.733938e+01
2.640000e-06	-2.555888e-06	-4.738503e-10	-1.794261e+01	-3.171820e+01
2.650000e-06	-2.702418e-06	-5.417620e-10	-1.897127e+01	-3.606927e+01
2.660000e-06	-2.848055e-06	-6.107959e-10	-1.999365e+01	-4.036617e+01
2.670000e-06	-2.992610e-06	-6.775068e-10	-2.100845e+01	-4.458358e+01
2.680000e-06	-3.136002e-06	-7.400195e-10	-2.201507e+01	-4.869845e+01
2.690000e-06	-3.278237e-06	-8.011501e-10	-2.301358e+01	-5.269111e+01
2.700000e-06	-3.419223e-06	-8.616187e-10	-2.400332e+01	-5.654607e+01
2.710000e-06	-3.558766e-06	-9.201045e-10	-2.498292e+01	-6.025260e+01
2.720000e-06	-3.696953e-06	-9.770074e-10	-2.595301e+01	-6.380483e+01
2.730000e-06	-3.833796e-06	-1.032248e-09	-2.691367e+01	-6.720152e+01
2.740000e-06	-3.969109e-06	-1.084835e-09	-2.786358e+01	-7.044549e+01
2.750000e-06	-4.103031e-06	-1.134289e-09	-2.880372e+01	-7.354271e+01
2.760000e-06	-4.235514e-06	-1.180759e-09	-2.973377e+01	-7.650128e+01
2.770000e-06	-4.366512e-06	-1.224652e-09	-3.065339e+01	-7.933030e+01
2.780000e-06	-4.496137e-06	-1.266548e-09	-3.156337e+01	-8.203882e+01
2.790000e-06	-4.624183e-06	-1.307099e-09	-3.246227e+01	-8.463501e+01
2.800000e-06	-4.750624e-06	-1.347655e-09	-3.334990e+01	-8.712552e+01
2.810000e-06	-4.875373e-06	-1.388265e-09	-3.422565e+01	-8.951518e+01
2.820000e-06	-4.998357e-06	-1.425613e-09	-3.508901e+01	-9.180705e+01
2.830000e-06	-5.119633e-06	-1.459028e-09	-3.594038e+01	-9.400266e+01
2.840000e-06	-5.239080e-06	-1.491217e-09	-3.677891e+01	-9.610256e+01
2.850000e-06	-5.356448e-06	-1.522966e-09	-3.760285e+01	-9.810692e+01
2.860000e-06	-5.471557e-06	-1.554051e-09	-3.841092e+01	-1.000161e+02
2.870000e-06	-5.584441e-06	-1.581985e-09	-3.920338e+01	-1.018314e+02
2.880000e-06	-5.695124e-06	-1.608046e-09	-3.998039e+01	-1.035550e+02
2.890000e-06	-5.803770e-06	-1.634335e-09	-4.074310e+01	-1.051906e+02
2.900000e-06	-5.910535e-06	-1.660365e-09	-4.149260e+01	-1.067431e+02
2.910000e-06	-6.015218e-06	-1.684807e-09	-4.222749e+01	-1.082185e+02
2.920000e-06	-6.117634e-06	-1.707433e-09	-4.294646e+01	-1.096230e+02
2.930000e-06	-6.217689e-06	-1.729021e-09	-4.364885e+01	-1.109630e+02
2.940000e-06	-6.315512e-06	-1.748658e-09	-4.433558e+01	-1.122446e+02
2.950000e-06	-6.411229e-06	-1.766125e-09	-4.500752e+01	-1.134727e+02
2.960000e-06	-6.504634e-06	-1.783149e-09	-4.566324e+01	-1.146509e+02
2.970000e-06	-6.595692e-06	-1.800551e-09	-4.630248e+01	-1.157817e+02
2.980000e-06	-6.684461e-06	-1.817748e-09	-4.692565e+01	-1.168661e+02
2.990000e-06	-6.770830e-06	-1.833742e-09	-4.753196e+01	-1.179044e+02
3.000000e-06	-6.854674e-06	-1.846986e-09	-4.812055e+01	-1.188959e+02
3.010000e-06	-6.936125e-06	-1.859715e-09	-4.869235e+01	-1.198400e+02
3.020000e-06	-7.015083e-06	-1.873203e-09	-4.924665e+01	-1.207363e+02
3.030000e-06	-7.091241e-06	-1.885931e-09	-4.978128e+01	-1.215847e+02
3.040000e-06	-7.164686e-06	-1.899655e-09	-5.029688e+01	-1.223864e+02
3.050000e-06	-7.235557e-06	-1.912756e-09	-5.079440e+01	-1.231431e+02
3.060000e-06	-7.303843e-06	-1.923258e-09	-5.127377e+01	-1.238574e+02
3.070000e-06	-7.369573e-06	-1.931766e-09	-5.173520e+01	-1.245325e+02
3.080000e-06	-7.432748e-06	-1.938689e-09	-5.217870e+01	-1.251716e+02
3.090000e-06	-7.493252e-06	-1.946098e-09	-5.260344e+01	-1.257780e+02
3.100000e-06	-7.551073e-06	-1.954821e-09	-5.300935e+01	-1.263541e+02
3.110000e-06	-7.606155e-06	-1.962791e-09	-5.339603e+01	-1.269021e+02
3.120000e-06	-7.658293e-06	-1.970004e-09	-5.376205e+01	-1.274227e+02
3.130000e-06	-7.707333e-06	-1.975803e-09	-5.410632e+01	-1.279162e+02
3.140000e-06	-7.753447e-06	-1.980311e-09	-5.443004e+01	-1.283818e+02
3.150000e-06	-7.796977e-06	-1.985010e-09	-5.473563e+01	-1.288184e+02
3.160000e-06	-7.837933e-06	-1.990259e-09	-5.502314e+01	-1.292246e+02
3.170000e-06	-7.876098e-06	-1.996221e-09	-5.529107e+01	-1.295993e+02
3.180000e-06	-7.911432e-06	-2.000810e-09	-5.553911e+01	-1.299416e+02
3.190000e-06	-7.943992e-06	-2.004717e-09	-5.576769e+01	-1.302511e+02
3.200000e-06	-7.973640e-06	-2.007082e-09	-5.597582e+01	-1.305282e+02
3.210000e-06	-8.000400e-06	-2.009433e-09	-5.616368e+01	-1.307736e+02
3.220000e-06	-8.024317e-06	-2.012568e-09	-5.633158e+01	-1.309884e+02
3.230000e-06	-8.045356e-06	-2.014074e-09	-5.647927e+01	-1.311737e+02
3.240000e-06	-8.063569e-06	-2.013112e-09	-5.660713e+01	-1.313306e+02
3.250000e-06	-8.078806e-06	-2.012603e-09	-5.671410e+01	-1.314595e+02
3.260000e-06	-8.090869e-06	-2.014219e-09	-5.679878e+01	-1.315602e+02
3.270000e-06	-8.099907e-06	-2.015669e-09	-5.686223e+01	-1.316323e+02
3.280000e-06	-8.106019e-06	-2.015492e-09	-5.690514e+01	-1.316744e+02
3.290000e-06	-8.109250e-06	-2.014331e-09	-5.692782e+01	-1.316853e+02
3.300000e-06	-8.109658e-06	-2.014476e-09	-5.693068e+01	-1.316636e+02
