# Temperatura_=_46.53
# Concentracion g/m^3_=_15000.0
# C_Vs_to_Am_M_A/Vsm_=_65563218390.804596
# pendiente_HvsI_1/m_=_3716.3
# ordenada_HvsI_A/m_=_1297.0
# frecuencia_Hz_=_302389.5141710365

Tiempo_(s)	Campo_(V.s)	Magnetizacion_(V.s)	Campo_(kA/m)	Magnetizacion_(A/m)
0.000000e+00	-7.986063e-06	-2.013905e-09	-5.691538e+01	-1.310196e+02
1.000000e-08	-7.982010e-06	-2.016749e-09	-5.688649e+01	-1.309785e+02
2.000000e-08	-7.975339e-06	-2.018034e-09	-5.683895e+01	-1.309035e+02
3.000000e-08	-7.965904e-06	-2.019585e-09	-5.677171e+01	-1.307943e+02
4.000000e-08	-7.953619e-06	-2.020404e-09	-5.668416e+01	-1.306518e+02
5.000000e-08	-7.938415e-06	-2.017038e-09	-5.657580e+01	-1.304777e+02
6.000000e-08	-7.920476e-06	-2.010164e-09	-5.644795e+01	-1.302747e+02
7.000000e-08	-7.900244e-06	-2.006373e-09	-5.630376e+01	-1.300457e+02
8.000000e-08	-7.877471e-06	-1.996321e-09	-5.614146e+01	-1.297938e+02
9.000000e-08	-7.851558e-06	-2.012162e-09	-5.595678e+01	-1.295218e+02
1.000000e-07	-7.822475e-06	-2.002431e-09	-5.574951e+01	-1.292315e+02
1.100000e-07	-7.790522e-06	-1.976110e-09	-5.552179e+01	-1.289238e+02
1.200000e-07	-7.755794e-06	-1.978275e-09	-5.527429e+01	-1.285981e+02
1.300000e-07	-7.718540e-06	-1.973190e-09	-5.500879e+01	-1.282527e+02
1.400000e-07	-7.679156e-06	-1.954140e-09	-5.472811e+01	-1.278848e+02
1.500000e-07	-7.637549e-06	-1.928884e-09	-5.443158e+01	-1.274909e+02
1.600000e-07	-7.593367e-06	-1.954513e-09	-5.411670e+01	-1.270670e+02
1.700000e-07	-7.546428e-06	-1.918393e-09	-5.378217e+01	-1.266098e+02
1.800000e-07	-7.496574e-06	-1.876924e-09	-5.342687e+01	-1.261164e+02
1.900000e-07	-7.443715e-06	-1.937130e-09	-5.305015e+01	-1.255853e+02
2.000000e-07	-7.388051e-06	-1.939265e-09	-5.265344e+01	-1.250163e+02
2.100000e-07	-7.329694e-06	-1.956193e-09	-5.223755e+01	-1.244107e+02
2.200000e-07	-7.268673e-06	-1.956102e-09	-5.180265e+01	-1.237710e+02
2.300000e-07	-7.205064e-06	-1.887901e-09	-5.134932e+01	-1.231010e+02
2.400000e-07	-7.138695e-06	-1.852164e-09	-5.087632e+01	-1.224048e+02
2.500000e-07	-7.069597e-06	-1.832481e-09	-5.038388e+01	-1.216863e+02
2.600000e-07	-6.997843e-06	-1.853985e-09	-4.987250e+01	-1.209492e+02
2.700000e-07	-6.923312e-06	-1.842180e-09	-4.934132e+01	-1.201957e+02
2.800000e-07	-6.846022e-06	-1.814354e-09	-4.879049e+01	-1.194267e+02
2.900000e-07	-6.765956e-06	-1.783881e-09	-4.821987e+01	-1.186418e+02
3.000000e-07	-6.683339e-06	-1.765400e-09	-4.763108e+01	-1.178387e+02
3.100000e-07	-6.598462e-06	-1.778920e-09	-4.702617e+01	-1.170142e+02
3.200000e-07	-6.511305e-06	-1.768452e-09	-4.640502e+01	-1.161641e+02
3.300000e-07	-6.421790e-06	-1.764899e-09	-4.576706e+01	-1.152841e+02
3.400000e-07	-6.329949e-06	-1.745651e-09	-4.511252e+01	-1.143704e+02
3.500000e-07	-6.235878e-06	-1.737256e-09	-4.444209e+01	-1.134196e+02
3.600000e-07	-6.139504e-06	-1.730236e-09	-4.375525e+01	-1.124301e+02
3.700000e-07	-6.040796e-06	-1.708045e-09	-4.305178e+01	-1.114014e+02
3.800000e-07	-5.939957e-06	-1.686461e-09	-4.233311e+01	-1.103346e+02
3.900000e-07	-5.837044e-06	-1.656163e-09	-4.159967e+01	-1.092323e+02
4.000000e-07	-5.732040e-06	-1.631343e-09	-4.085132e+01	-1.080977e+02
4.100000e-07	-5.625031e-06	-1.611310e-09	-4.008868e+01	-1.069349e+02
4.200000e-07	-5.516053e-06	-1.611254e-09	-3.931202e+01	-1.057474e+02
4.300000e-07	-5.405174e-06	-1.590301e-09	-3.852180e+01	-1.045385e+02
4.400000e-07	-5.292282e-06	-1.549893e-09	-3.771724e+01	-1.033103e+02
4.500000e-07	-5.177197e-06	-1.522196e-09	-3.689704e+01	-1.020637e+02
4.600000e-07	-5.060120e-06	-1.519317e-09	-3.606266e+01	-1.007981e+02
4.700000e-07	-4.941290e-06	-1.513418e-09	-3.521577e+01	-9.951166e+01
4.800000e-07	-4.820654e-06	-1.492926e-09	-3.435602e+01	-9.820140e+01
4.900000e-07	-4.698195e-06	-1.468496e-09	-3.348328e+01	-9.686373e+01
5.000000e-07	-4.573999e-06	-1.433988e-09	-3.259815e+01	-9.549484e+01
5.100000e-07	-4.448189e-06	-1.405859e-09	-3.170152e+01	-9.409111e+01
5.200000e-07	-4.320803e-06	-1.390031e-09	-3.079366e+01	-9.264955e+01
5.300000e-07	-4.191850e-06	-1.378001e-09	-2.987464e+01	-9.116805e+01
5.400000e-07	-4.061315e-06	-1.346169e-09	-2.894434e+01	-8.964549e+01
5.500000e-07	-3.929172e-06	-1.310787e-09	-2.800258e+01	-8.808175e+01
5.600000e-07	-3.795496e-06	-1.290584e-09	-2.704989e+01	-8.647753e+01
5.700000e-07	-3.660497e-06	-1.274596e-09	-2.608777e+01	-8.483405e+01
5.800000e-07	-3.524170e-06	-1.249146e-09	-2.511619e+01	-8.315276e+01
5.900000e-07	-3.386344e-06	-1.222129e-09	-2.413393e+01	-8.143495e+01
6.000000e-07	-3.247109e-06	-1.196136e-09	-2.314162e+01	-7.968150e+01
6.100000e-07	-3.106571e-06	-1.161299e-09	-2.214003e+01	-7.789264e+01
6.200000e-07	-2.964759e-06	-1.128499e-09	-2.112936e+01	-7.606787e+01
6.300000e-07	-2.821709e-06	-1.103766e-09	-2.010986e+01	-7.420595e+01
6.400000e-07	-2.677547e-06	-1.075879e-09	-1.908245e+01	-7.230509e+01
6.500000e-07	-2.532450e-06	-1.036355e-09	-1.804836e+01	-7.036310e+01
6.600000e-07	-2.386506e-06	-9.989350e-10	-1.700824e+01	-6.837767e+01
6.700000e-07	-2.239750e-06	-9.690460e-10	-1.596233e+01	-6.634659e+01
6.800000e-07	-2.092283e-06	-9.406088e-10	-1.491136e+01	-6.426799e+01
6.900000e-07	-1.944218e-06	-9.102887e-10	-1.385613e+01	-6.214041e+01
7.000000e-07	-1.795613e-06	-8.785737e-10	-1.279704e+01	-5.996290e+01
7.100000e-07	-1.646419e-06	-8.453060e-10	-1.173376e+01	-5.773487e+01
7.200000e-07	-1.496636e-06	-8.106908e-10	-1.066628e+01	-5.545602e+01
7.300000e-07	-1.346359e-06	-7.805914e-10	-9.595280e+00	-5.312607e+01
7.400000e-07	-1.195685e-06	-7.472010e-10	-8.521451e+00	-5.074461e+01
7.500000e-07	-1.044629e-06	-7.051134e-10	-7.444905e+00	-4.831080e+01
7.600000e-07	-8.931951e-07	-6.601641e-10	-6.365657e+00	-4.582327e+01
7.700000e-07	-7.414620e-07	-6.185316e-10	-5.284280e+00	-4.327998e+01
7.800000e-07	-5.894658e-07	-5.795751e-10	-4.201027e+00	-4.067821e+01
7.900000e-07	-4.372527e-07	-5.410166e-10	-3.116230e+00	-3.801460e+01
8.000000e-07	-2.848415e-07	-5.045099e-10	-2.030019e+00	-3.528527e+01
8.100000e-07	-1.322053e-07	-4.656553e-10	-9.422060e-01	-3.248598e+01
8.200000e-07	2.055871e-08	-4.231142e-10	1.465186e-01	-2.961231e+01
8.300000e-07	1.733210e-07	-3.804385e-10	1.235231e+00	-2.665983e+01
8.400000e-07	3.260073e-07	-3.361853e-10	2.323401e+00	-2.362428e+01
8.500000e-07	4.785777e-07	-2.870319e-10	3.410746e+00	-2.050169e+01
8.600000e-07	6.310062e-07	-2.356369e-10	4.497079e+00	-1.728857e+01
8.700000e-07	7.832040e-07	-1.843378e-10	5.581768e+00	-1.398199e+01
8.800000e-07	9.350804e-07	-1.327586e-10	6.664167e+00	-1.057975e+01
8.900000e-07	1.086658e-06	-8.002845e-11	7.744436e+00	-7.080564e+00
9.000000e-07	1.237861e-06	-2.813983e-11	8.822035e+00	-3.484296e+00
9.100000e-07	1.388536e-06	2.168235e-11	9.895874e+00	2.077553e-01
9.200000e-07	1.538710e-06	7.555628e-11	1.096614e+01	3.992539e+00
9.300000e-07	1.688400e-06	1.336307e-10	1.203296e+01	7.864909e+00
9.400000e-07	1.837561e-06	1.938259e-10	1.309600e+01	1.181731e+01
9.500000e-07	1.986092e-06	2.550721e-10	1.415456e+01	1.583954e+01
9.600000e-07	2.133880e-06	3.177710e-10	1.520782e+01	1.991863e+01
9.700000e-07	2.280915e-06	3.802835e-10	1.625571e+01	2.403890e+01
9.800000e-07	2.427174e-06	4.404051e-10	1.729807e+01	2.818217e+01
9.900000e-07	2.572484e-06	5.010243e-10	1.833368e+01	3.232830e+01
1.000000e-06	2.716770e-06	5.630842e-10	1.936198e+01	3.645578e+01
1.010000e-06	2.859992e-06	6.232818e-10	2.038270e+01	4.054259e+01
1.020000e-06	3.002131e-06	6.813230e-10	2.139570e+01	4.456715e+01
1.030000e-06	3.143128e-06	7.398180e-10	2.240057e+01	4.850926e+01
1.040000e-06	3.282825e-06	7.984380e-10	2.339616e+01	5.235100e+01
1.050000e-06	3.421204e-06	8.551132e-10	2.438237e+01	5.607753e+01
1.060000e-06	3.558192e-06	9.083976e-10	2.535866e+01	5.967759e+01
1.070000e-06	3.693802e-06	9.578451e-10	2.632513e+01	6.314380e+01
1.080000e-06	3.828094e-06	1.004345e-09	2.728221e+01	6.647262e+01
1.090000e-06	3.961066e-06	1.049818e-09	2.822987e+01	6.966406e+01
1.100000e-06	4.092700e-06	1.094122e-09	2.916801e+01	7.272109e+01
1.110000e-06	4.222826e-06	1.137497e-09	3.009540e+01	7.564895e+01
1.120000e-06	4.351367e-06	1.178962e-09	3.101149e+01	7.845423e+01
1.130000e-06	4.478359e-06	1.219172e-09	3.191654e+01	8.114412e+01
1.140000e-06	4.603853e-06	1.259924e-09	3.281091e+01	8.372555e+01
1.150000e-06	4.727896e-06	1.299711e-09	3.369495e+01	8.620467e+01
1.160000e-06	4.850337e-06	1.335613e-09	3.456757e+01	8.858639e+01
1.170000e-06	4.970945e-06	1.366179e-09	3.542712e+01	9.087426e+01
1.180000e-06	5.089702e-06	1.394248e-09	3.627348e+01	9.307052e+01
1.190000e-06	5.206662e-06	1.423623e-09	3.710704e+01	9.517633e+01
1.200000e-06	5.321631e-06	1.451155e-09	3.792640e+01	9.719221e+01
1.210000e-06	5.434442e-06	1.476381e-09	3.873039e+01	9.911846e+01
1.220000e-06	5.545196e-06	1.501032e-09	3.951971e+01	1.009556e+02
1.230000e-06	5.654086e-06	1.526611e-09	4.029575e+01	1.027048e+02
1.240000e-06	5.761051e-06	1.554338e-09	4.105808e+01	1.043679e+02
1.250000e-06	5.865886e-06	1.582116e-09	4.180522e+01	1.059480e+02
1.260000e-06	5.968496e-06	1.607113e-09	4.253651e+01	1.074488e+02
1.270000e-06	6.068921e-06	1.626928e-09	4.325222e+01	1.088748e+02
1.280000e-06	6.167083e-06	1.642169e-09	4.395181e+01	1.102310e+02
1.290000e-06	6.262835e-06	1.657465e-09	4.463421e+01	1.115224e+02
1.300000e-06	6.356338e-06	1.675779e-09	4.530059e+01	1.127537e+02
1.310000e-06	6.447674e-06	1.695567e-09	4.595153e+01	1.139293e+02
1.320000e-06	6.536679e-06	1.713277e-09	4.658585e+01	1.150527e+02
1.330000e-06	6.623295e-06	1.729136e-09	4.720315e+01	1.161270e+02
1.340000e-06	6.707629e-06	1.746128e-09	4.780419e+01	1.171544e+02
1.350000e-06	6.789596e-06	1.764433e-09	4.838835e+01	1.181366e+02
1.360000e-06	6.869029e-06	1.782215e-09	4.895446e+01	1.190749e+02
1.370000e-06	6.945964e-06	1.796839e-09	4.950277e+01	1.199704e+02
1.380000e-06	7.020322e-06	1.806430e-09	5.003270e+01	1.208245e+02
1.390000e-06	7.092016e-06	1.814223e-09	5.054365e+01	1.216384e+02
1.400000e-06	7.161175e-06	1.825021e-09	5.103653e+01	1.224136e+02
1.410000e-06	7.227771e-06	1.838843e-09	5.151116e+01	1.231518e+02
1.420000e-06	7.291771e-06	1.853019e-09	5.196727e+01	1.238545e+02
1.430000e-06	7.353337e-06	1.864848e-09	5.240604e+01	1.245234e+02
1.440000e-06	7.412420e-06	1.874134e-09	5.282712e+01	1.251597e+02
1.450000e-06	7.468876e-06	1.883275e-09	5.322947e+01	1.257642e+02
1.460000e-06	7.522636e-06	1.893785e-09	5.361261e+01	1.263373e+02
1.470000e-06	7.573389e-06	1.903169e-09	5.397432e+01	1.268789e+02
1.480000e-06	7.621085e-06	1.908886e-09	5.431424e+01	1.273883e+02
1.490000e-06	7.666046e-06	1.912225e-09	5.463467e+01	1.278648e+02
1.500000e-06	7.708268e-06	1.917650e-09	5.493558e+01	1.283076e+02
1.510000e-06	7.747648e-06	1.926246e-09	5.521623e+01	1.287159e+02
1.520000e-06	7.784372e-06	1.936201e-09	5.547796e+01	1.290896e+02
1.530000e-06	7.818408e-06	1.944780e-09	5.572053e+01	1.294288e+02
1.540000e-06	7.849601e-06	1.950830e-09	5.594284e+01	1.297344e+02
1.550000e-06	7.878095e-06	1.955881e-09	5.614591e+01	1.300078e+02
1.560000e-06	7.903749e-06	1.960511e-09	5.632874e+01	1.302507e+02
1.570000e-06	7.926445e-06	1.964469e-09	5.649049e+01	1.304651e+02
1.580000e-06	7.946415e-06	1.967261e-09	5.663282e+01	1.306529e+02
1.590000e-06	7.963546e-06	1.968467e-09	5.675491e+01	1.308153e+02
1.600000e-06	7.977613e-06	1.970146e-09	5.685516e+01	1.309534e+02
1.610000e-06	7.988555e-06	1.973989e-09	5.693314e+01	1.310671e+02
1.620000e-06	7.996447e-06	1.978843e-09	5.698939e+01	1.311556e+02
1.630000e-06	8.001500e-06	1.983047e-09	5.702540e+01	1.312177e+02
1.640000e-06	8.003759e-06	1.984726e-09	5.704150e+01	1.312513e+02
1.650000e-06	8.003222e-06	1.985897e-09	5.703767e+01	1.312544e+02
1.660000e-06	7.999987e-06	1.983654e-09	5.701462e+01	1.312252e+02
1.670000e-06	7.994062e-06	1.982013e-09	5.697239e+01	1.311624e+02
1.680000e-06	7.985459e-06	1.979759e-09	5.691108e+01	1.310653e+02
1.690000e-06	7.974189e-06	1.974696e-09	5.683076e+01	1.309345e+02
1.700000e-06	7.960146e-06	1.970763e-09	5.673067e+01	1.307714e+02
1.710000e-06	7.943497e-06	1.968644e-09	5.661202e+01	1.305784e+02
1.720000e-06	7.924534e-06	1.966002e-09	5.647688e+01	1.303583e+02
1.730000e-06	7.903132e-06	1.962742e-09	5.632435e+01	1.301142e+02
1.740000e-06	7.878615e-06	1.931854e-09	5.614962e+01	1.298491e+02
1.750000e-06	7.850510e-06	1.949039e-09	5.594932e+01	1.295652e+02
1.760000e-06	7.819001e-06	1.954745e-09	5.572476e+01	1.292637e+02
1.770000e-06	7.784751e-06	1.931126e-09	5.548066e+01	1.289445e+02
1.780000e-06	7.748212e-06	1.935473e-09	5.522025e+01	1.286064e+02
1.790000e-06	7.709378e-06	1.988517e-09	5.494349e+01	1.282469e+02
1.800000e-06	7.668474e-06	1.977932e-09	5.465197e+01	1.278627e+02
1.810000e-06	7.625206e-06	1.950578e-09	5.434361e+01	1.274499e+02
1.820000e-06	7.579249e-06	2.000474e-09	5.401608e+01	1.270050e+02
1.830000e-06	7.530630e-06	1.917124e-09	5.366958e+01	1.265247e+02
1.840000e-06	7.479083e-06	1.918208e-09	5.330221e+01	1.260072e+02
1.850000e-06	7.424588e-06	1.879785e-09	5.291384e+01	1.254516e+02
1.860000e-06	7.367321e-06	1.832607e-09	5.250571e+01	1.248588e+02
1.870000e-06	7.307462e-06	1.893342e-09	5.207910e+01	1.242309e+02
1.880000e-06	7.244918e-06	1.870362e-09	5.163336e+01	1.235713e+02
1.890000e-06	7.179513e-06	1.924665e-09	5.116723e+01	1.228839e+02
1.900000e-06	7.111356e-06	1.898502e-09	5.068149e+01	1.221729e+02
1.910000e-06	7.040404e-06	1.853576e-09	5.017582e+01	1.214421e+02
1.920000e-06	6.966745e-06	1.838434e-09	4.965087e+01	1.206942e+02
1.930000e-06	6.890445e-06	1.820901e-09	4.910709e+01	1.199307e+02
1.940000e-06	6.811361e-06	1.878571e-09	4.854347e+01	1.191516e+02
1.950000e-06	6.729721e-06	1.840429e-09	4.796163e+01	1.183553e+02
1.960000e-06	6.645641e-06	1.825347e-09	4.736241e+01	1.175389e+02
1.970000e-06	6.559042e-06	1.784662e-09	4.674523e+01	1.166984e+02
1.980000e-06	6.469988e-06	1.748244e-09	4.611056e+01	1.158296e+02
1.990000e-06	6.378747e-06	1.754573e-09	4.546030e+01	1.149283e+02
2.000000e-06	6.285291e-06	1.749575e-09	4.479426e+01	1.139910e+02
2.010000e-06	6.189494e-06	1.765100e-09	4.411153e+01	1.130154e+02
2.020000e-06	6.091481e-06	1.719051e-09	4.341300e+01	1.120006e+02
2.030000e-06	5.991313e-06	1.692514e-09	4.269912e+01	1.109472e+02
2.040000e-06	5.888993e-06	1.672778e-09	4.196990e+01	1.098572e+02
2.050000e-06	5.784529e-06	1.678789e-09	4.122540e+01	1.087337e+02
2.060000e-06	5.678061e-06	1.662106e-09	4.046663e+01	1.075805e+02
2.070000e-06	5.569688e-06	1.632390e-09	3.969426e+01	1.064014e+02
2.080000e-06	5.459366e-06	1.626260e-09	3.890802e+01	1.051998e+02
2.090000e-06	5.347039e-06	1.614471e-09	3.810748e+01	1.039783e+02
2.100000e-06	5.232754e-06	1.605897e-09	3.729299e+01	1.027383e+02
2.110000e-06	5.116477e-06	1.589324e-09	3.646431e+01	1.014796e+02
2.120000e-06	4.998104e-06	1.564956e-09	3.562068e+01	1.002008e+02
2.130000e-06	4.877791e-06	1.514289e-09	3.476323e+01	9.889945e+01
2.140000e-06	4.755770e-06	1.490614e-09	3.389361e+01	9.757198e+01
2.150000e-06	4.632084e-06	1.492541e-09	3.301211e+01	9.621465e+01
2.160000e-06	4.506696e-06	1.496126e-09	3.211849e+01	9.482373e+01
2.170000e-06	4.379586e-06	1.468802e-09	3.121260e+01	9.339596e+01
2.180000e-06	4.250857e-06	1.433336e-09	3.029517e+01	9.192888e+01
2.190000e-06	4.120653e-06	1.406719e-09	2.936723e+01	9.042102e+01
2.200000e-06	3.988976e-06	1.385039e-09	2.842879e+01	8.887193e+01
2.210000e-06	3.855802e-06	1.370880e-09	2.747968e+01	8.728202e+01
2.220000e-06	3.721048e-06	1.353463e-09	2.651931e+01	8.565238e+01
2.230000e-06	3.584841e-06	1.318119e-09	2.554858e+01	8.398440e+01
2.240000e-06	3.447410e-06	1.270913e-09	2.456913e+01	8.227949e+01
2.250000e-06	3.308719e-06	1.247139e-09	2.358071e+01	8.053868e+01
2.260000e-06	3.168729e-06	1.239217e-09	2.258302e+01	7.876247e+01
2.270000e-06	3.027418e-06	1.225223e-09	2.157592e+01	7.695061e+01
2.280000e-06	2.884808e-06	1.193995e-09	2.055956e+01	7.510211e+01
2.290000e-06	2.741022e-06	1.163252e-09	1.953482e+01	7.321538e+01
2.300000e-06	2.596293e-06	1.135561e-09	1.850336e+01	7.128832e+01
2.310000e-06	2.450727e-06	1.108534e-09	1.746593e+01	6.931864e+01
2.320000e-06	2.304434e-06	1.081495e-09	1.642333e+01	6.730408e+01
2.330000e-06	2.157467e-06	1.047864e-09	1.537592e+01	6.524262e+01
2.340000e-06	2.009763e-06	1.006949e-09	1.432326e+01	6.313265e+01
2.350000e-06	1.861326e-06	9.690475e-10	1.326537e+01	6.097303e+01
2.360000e-06	1.712229e-06	9.429704e-10	1.220278e+01	5.876307e+01
2.370000e-06	1.562651e-06	9.180990e-10	1.113676e+01	5.650238e+01
2.380000e-06	1.412578e-06	8.817366e-10	1.006722e+01	5.419069e+01
2.390000e-06	1.261950e-06	8.400838e-10	8.993712e+00	5.182768e+01
2.400000e-06	1.110847e-06	8.007151e-10	7.916824e+00	4.941267e+01
2.410000e-06	9.593723e-07	7.651806e-10	6.837291e+00	4.694450e+01
2.420000e-06	8.075817e-07	7.306336e-10	5.755504e+00	4.442138e+01
2.430000e-06	6.555339e-07	6.912896e-10	4.671884e+00	4.184083e+01
2.440000e-06	5.033114e-07	6.451457e-10	3.587019e+00	3.919970e+01
2.450000e-06	3.509075e-07	5.958231e-10	2.500861e+00	3.649429e+01
2.460000e-06	1.982617e-07	5.551638e-10	1.412979e+00	3.372047e+01
2.470000e-06	4.548754e-08	5.213492e-10	3.241823e-01	3.087386e+01
2.480000e-06	-1.072545e-07	4.822995e-10	-7.643858e-01	2.795000e+01
2.490000e-06	-2.599184e-07	4.322261e-10	-1.852397e+00	2.494457e+01
2.500000e-06	-4.125349e-07	3.758960e-10	-2.940070e+00	2.185347e+01
2.510000e-06	-5.650951e-07	3.210511e-10	-4.027341e+00	1.867304e+01
2.520000e-06	-7.174698e-07	2.684920e-10	-5.113291e+00	1.540011e+01
2.530000e-06	-8.695457e-07	2.185728e-10	-6.197112e+00	1.203221e+01
2.540000e-06	-1.021284e-06	1.685027e-10	-7.278528e+00	8.567702e+00
2.550000e-06	-1.172706e-06	1.115634e-10	-8.357687e+00	5.006017e+00
2.560000e-06	-1.323767e-06	5.099167e-11	-9.434273e+00	1.347900e+00
2.570000e-06	-1.474378e-06	-6.408656e-12	-1.050765e+01	-2.404262e+00
2.580000e-06	-1.624427e-06	-6.182190e-11	-1.157703e+01	-6.246109e+00
2.590000e-06	-1.773766e-06	-1.215886e-10	-1.264135e+01	-1.017098e+01
2.600000e-06	-1.922372e-06	-1.863872e-10	-1.370044e+01	-1.416964e+01
2.610000e-06	-2.070254e-06	-2.512355e-10	-1.475436e+01	-1.823011e+01
2.620000e-06	-2.217392e-06	-3.157914e-10	-1.580300e+01	-2.233765e+01
2.630000e-06	-2.363773e-06	-3.811822e-10	-1.684623e+01	-2.647495e+01
2.640000e-06	-2.509313e-06	-4.469834e-10	-1.788347e+01	-3.062250e+01
2.650000e-06	-2.653875e-06	-5.131926e-10	-1.891374e+01	-3.475918e+01
2.660000e-06	-2.797408e-06	-5.795722e-10	-1.993668e+01	-3.886306e+01
2.670000e-06	-2.939826e-06	-6.433343e-10	-2.095166e+01	-4.291229e+01
2.680000e-06	-3.080932e-06	-7.032112e-10	-2.195730e+01	-4.688605e+01
2.690000e-06	-3.220776e-06	-7.619063e-10	-2.295395e+01	-5.076554e+01
2.700000e-06	-3.359431e-06	-8.212016e-10	-2.394212e+01	-5.453472e+01
2.710000e-06	-3.496858e-06	-8.804072e-10	-2.492154e+01	-5.818102e+01
2.720000e-06	-3.633051e-06	-9.384482e-10	-2.589217e+01	-6.169566e+01
2.730000e-06	-3.767991e-06	-9.936286e-10	-2.685386e+01	-6.507374e+01
2.740000e-06	-3.901543e-06	-1.044575e-09	-2.780567e+01	-6.831407e+01
2.750000e-06	-4.033585e-06	-1.094011e-09	-2.874671e+01	-7.141862e+01
2.760000e-06	-4.164222e-06	-1.141672e-09	-2.967774e+01	-7.439193e+01
2.770000e-06	-4.293529e-06	-1.186333e-09	-3.059929e+01	-7.724020e+01
2.780000e-06	-4.421411e-06	-1.229497e-09	-3.151068e+01	-7.997050e+01
2.790000e-06	-4.547693e-06	-1.271541e-09	-3.241067e+01	-8.258993e+01
2.800000e-06	-4.672348e-06	-1.312009e-09	-3.329907e+01	-8.510498e+01
2.810000e-06	-4.795454e-06	-1.352049e-09	-3.417642e+01	-8.752103e+01
2.820000e-06	-4.916948e-06	-1.390082e-09	-3.504229e+01	-8.984212e+01
2.830000e-06	-5.036542e-06	-1.425132e-09	-3.589462e+01	-9.207093e+01
2.840000e-06	-5.154026e-06	-1.458995e-09	-3.673191e+01	-9.420898e+01
2.850000e-06	-5.269452e-06	-1.491843e-09	-3.755453e+01	-9.625696e+01
2.860000e-06	-5.382775e-06	-1.524668e-09	-3.836217e+01	-9.821521e+01
2.870000e-06	-5.493892e-06	-1.556007e-09	-3.915408e+01	-1.000841e+02
2.880000e-06	-5.602994e-06	-1.583800e-09	-3.993163e+01	-1.018645e+02
2.890000e-06	-5.710253e-06	-1.609801e-09	-4.069605e+01	-1.035581e+02
2.900000e-06	-5.815628e-06	-1.636221e-09	-4.144704e+01	-1.051675e+02
2.910000e-06	-5.918874e-06	-1.660870e-09	-4.218286e+01	-1.066962e+02
2.920000e-06	-6.019834e-06	-1.683870e-09	-4.290239e+01	-1.081484e+02
2.930000e-06	-6.118631e-06	-1.707038e-09	-4.360649e+01	-1.095290e+02
2.940000e-06	-6.215307e-06	-1.729683e-09	-4.429549e+01	-1.108429e+02
2.950000e-06	-6.309707e-06	-1.749309e-09	-4.496827e+01	-1.120952e+02
2.960000e-06	-6.401773e-06	-1.765766e-09	-4.562440e+01	-1.132902e+02
2.970000e-06	-6.491684e-06	-1.781687e-09	-4.626518e+01	-1.144319e+02
2.980000e-06	-6.579329e-06	-1.798662e-09	-4.688981e+01	-1.155235e+02
2.990000e-06	-6.664487e-06	-1.815802e-09	-4.749672e+01	-1.165675e+02
3.000000e-06	-6.747247e-06	-1.830834e-09	-4.808654e+01	-1.175656e+02
3.010000e-06	-6.827635e-06	-1.844385e-09	-4.865945e+01	-1.185195e+02
3.020000e-06	-6.905367e-06	-1.857149e-09	-4.921344e+01	-1.194302e+02
3.030000e-06	-6.980363e-06	-1.869643e-09	-4.974792e+01	-1.202990e+02
3.040000e-06	-7.052831e-06	-1.883088e-09	-5.026439e+01	-1.211271e+02
3.050000e-06	-7.122737e-06	-1.896107e-09	-5.076260e+01	-1.219160e+02
3.060000e-06	-7.190053e-06	-1.908707e-09	-5.124235e+01	-1.226672e+02
3.070000e-06	-7.254927e-06	-1.919504e-09	-5.170470e+01	-1.233824e+02
3.080000e-06	-7.317318e-06	-1.928102e-09	-5.214934e+01	-1.240632e+02
3.090000e-06	-7.377109e-06	-1.935444e-09	-5.257546e+01	-1.247111e+02
3.100000e-06	-7.434216e-06	-1.944071e-09	-5.298246e+01	-1.253269e+02
3.110000e-06	-7.488547e-06	-1.955345e-09	-5.336966e+01	-1.259112e+02
3.120000e-06	-7.539970e-06	-1.966031e-09	-5.373615e+01	-1.264641e+02
3.130000e-06	-7.588318e-06	-1.974535e-09	-5.408071e+01	-1.269851e+02
3.140000e-06	-7.633866e-06	-1.979948e-09	-5.440533e+01	-1.274735e+02
3.150000e-06	-7.676962e-06	-1.983616e-09	-5.471247e+01	-1.279285e+02
3.160000e-06	-7.717489e-06	-1.988325e-09	-5.500129e+01	-1.283492e+02
3.170000e-06	-7.755273e-06	-1.994966e-09	-5.527058e+01	-1.287352e+02
3.180000e-06	-7.790361e-06	-2.000156e-09	-5.552064e+01	-1.290867e+02
3.190000e-06	-7.822686e-06	-2.003182e-09	-5.575102e+01	-1.294042e+02
3.200000e-06	-7.852077e-06	-2.005494e-09	-5.596049e+01	-1.296889e+02
3.210000e-06	-7.878675e-06	-2.008460e-09	-5.615004e+01	-1.299425e+02
3.220000e-06	-7.902487e-06	-2.013512e-09	-5.631975e+01	-1.301669e+02
3.230000e-06	-7.923366e-06	-2.017451e-09	-5.646855e+01	-1.303640e+02
3.240000e-06	-7.941430e-06	-2.017314e-09	-5.659729e+01	-1.305354e+02
3.250000e-06	-7.956613e-06	-2.015803e-09	-5.670549e+01	-1.306821e+02
3.260000e-06	-7.968656e-06	-2.016589e-09	-5.679133e+01	-1.308046e+02
3.270000e-06	-7.977682e-06	-2.018313e-09	-5.685565e+01	-1.309023e+02
3.280000e-06	-7.983828e-06	-2.018053e-09	-5.689945e+01	-1.309740e+02
3.290000e-06	-7.987181e-06	-2.017388e-09	-5.692335e+01	-1.310180e+02
3.300000e-06	-7.987812e-06	-2.016103e-09	-5.692785e+01	-1.310323e+02
