# Temperatura_=_36.57
# Concentracion g/m^3_=_15000.0
# C_Vs_to_Am_M_A/Vsm_=_65563218390.804596
# pendiente_HvsI_1/m_=_3716.3
# ordenada_HvsI_A/m_=_1297.0
# frecuencia_Hz_=_302385.38977970596

Tiempo_(s)	Campo_(V.s)	Magnetizacion_(V.s)	Campo_(kA/m)	Magnetizacion_(A/m)
0.000000e+00	-7.996459e-06	-1.806518e-09	-5.692155e+01	-1.178851e+02
1.000000e-08	-7.992413e-06	-1.807069e-09	-5.689275e+01	-1.178229e+02
2.000000e-08	-7.985818e-06	-1.802014e-09	-5.684580e+01	-1.177295e+02
3.000000e-08	-7.976555e-06	-1.800572e-09	-5.677986e+01	-1.176104e+02
4.000000e-08	-7.964446e-06	-1.801357e-09	-5.669367e+01	-1.174718e+02
5.000000e-08	-7.949344e-06	-1.799151e-09	-5.658617e+01	-1.173201e+02
6.000000e-08	-7.931473e-06	-1.793061e-09	-5.645896e+01	-1.171606e+02
7.000000e-08	-7.911320e-06	-1.784546e-09	-5.631550e+01	-1.169973e+02
8.000000e-08	-7.888667e-06	-1.787874e-09	-5.615425e+01	-1.168319e+02
9.000000e-08	-7.862901e-06	-1.836693e-09	-5.597084e+01	-1.166636e+02
1.000000e-07	-7.833932e-06	-1.812687e-09	-5.576462e+01	-1.164890e+02
1.100000e-07	-7.802074e-06	-1.765141e-09	-5.553785e+01	-1.163027e+02
1.200000e-07	-7.767451e-06	-1.766537e-09	-5.529139e+01	-1.160977e+02
1.300000e-07	-7.730282e-06	-1.759437e-09	-5.502681e+01	-1.158662e+02
1.400000e-07	-7.690899e-06	-1.730515e-09	-5.474647e+01	-1.156006e+02
1.500000e-07	-7.649342e-06	-1.709176e-09	-5.445065e+01	-1.152945e+02
1.600000e-07	-7.605206e-06	-1.811647e-09	-5.413648e+01	-1.149435e+02
1.700000e-07	-7.558296e-06	-1.745982e-09	-5.380256e+01	-1.145458e+02
1.800000e-07	-7.508560e-06	-1.676412e-09	-5.344851e+01	-1.141023e+02
1.900000e-07	-7.455825e-06	-1.762486e-09	-5.307313e+01	-1.136163e+02
2.000000e-07	-7.400255e-06	-1.699691e-09	-5.267756e+01	-1.130938e+02
2.100000e-07	-7.341994e-06	-1.707155e-09	-5.226284e+01	-1.125418e+02
2.200000e-07	-7.281115e-06	-1.731709e-09	-5.182948e+01	-1.119681e+02
2.300000e-07	-7.217597e-06	-1.704034e-09	-5.137734e+01	-1.113802e+02
2.400000e-07	-7.151304e-06	-1.675830e-09	-5.090544e+01	-1.107843e+02
2.500000e-07	-7.082332e-06	-1.645191e-09	-5.041448e+01	-1.101846e+02
2.600000e-07	-7.010645e-06	-1.690302e-09	-4.990419e+01	-1.095830e+02
2.700000e-07	-6.936118e-06	-1.669970e-09	-4.937367e+01	-1.089787e+02
2.800000e-07	-6.858835e-06	-1.643043e-09	-4.882355e+01	-1.083690e+02
2.900000e-07	-6.778839e-06	-1.616953e-09	-4.825411e+01	-1.077492e+02
3.000000e-07	-6.696333e-06	-1.612407e-09	-4.766680e+01	-1.071133e+02
3.100000e-07	-6.611555e-06	-1.623941e-09	-4.706332e+01	-1.064554e+02
3.200000e-07	-6.524445e-06	-1.590655e-09	-4.644325e+01	-1.057699e+02
3.300000e-07	-6.434923e-06	-1.595733e-09	-4.580600e+01	-1.050524e+02
3.400000e-07	-6.343061e-06	-1.577464e-09	-4.515209e+01	-1.043002e+02
3.500000e-07	-6.248931e-06	-1.564374e-09	-4.448204e+01	-1.035125e+02
3.600000e-07	-6.152511e-06	-1.556236e-09	-4.379569e+01	-1.026902e+02
3.700000e-07	-6.053844e-06	-1.551456e-09	-4.309335e+01	-1.018360e+02
3.800000e-07	-5.953025e-06	-1.542601e-09	-4.237568e+01	-1.009535e+02
3.900000e-07	-5.850097e-06	-1.508636e-09	-4.164301e+01	-1.000466e+02
4.000000e-07	-5.745112e-06	-1.486123e-09	-4.089569e+01	-9.911917e+01
4.100000e-07	-5.638117e-06	-1.466796e-09	-4.013406e+01	-9.817424e+01
4.200000e-07	-5.529149e-06	-1.474126e-09	-3.935838e+01	-9.721359e+01
4.300000e-07	-5.418220e-06	-1.462263e-09	-3.856876e+01	-9.623756e+01
4.400000e-07	-5.305210e-06	-1.435627e-09	-3.776431e+01	-9.524502e+01
4.500000e-07	-5.190065e-06	-1.411654e-09	-3.694467e+01	-9.423355e+01
4.600000e-07	-5.072971e-06	-1.399097e-09	-3.611115e+01	-9.319978e+01
4.700000e-07	-4.954073e-06	-1.381038e-09	-3.526480e+01	-9.213987e+01
4.800000e-07	-4.833368e-06	-1.361293e-09	-3.440558e+01	-9.104994e+01
4.900000e-07	-4.710906e-06	-1.351728e-09	-3.353385e+01	-8.992655e+01
5.000000e-07	-4.586713e-06	-1.328370e-09	-3.264981e+01	-8.876699e+01
5.100000e-07	-4.460896e-06	-1.301997e-09	-3.175419e+01	-8.756955e+01
5.200000e-07	-4.333453e-06	-1.286938e-09	-3.084701e+01	-8.633347e+01
5.300000e-07	-4.204371e-06	-1.283750e-09	-2.992816e+01	-8.505888e+01
5.400000e-07	-4.073750e-06	-1.258103e-09	-2.899836e+01	-8.374660e+01
5.500000e-07	-3.941548e-06	-1.224413e-09	-2.805730e+01	-8.239778e+01
5.600000e-07	-3.807884e-06	-1.205106e-09	-2.710583e+01	-8.101363e+01
5.700000e-07	-3.672792e-06	-1.191175e-09	-2.614420e+01	-7.959513e+01
5.800000e-07	-3.536266e-06	-1.166234e-09	-2.517236e+01	-7.814284e+01
5.900000e-07	-3.398374e-06	-1.139524e-09	-2.419080e+01	-7.665676e+01
6.000000e-07	-3.259028e-06	-1.119781e-09	-2.319888e+01	-7.513632e+01
6.100000e-07	-3.118222e-06	-1.091450e-09	-2.219658e+01	-7.358051e+01
6.200000e-07	-2.976140e-06	-1.062434e-09	-2.118519e+01	-7.198795e+01
6.300000e-07	-2.832930e-06	-1.042466e-09	-2.016577e+01	-7.035711e+01
6.400000e-07	-2.688713e-06	-1.024857e-09	-1.913918e+01	-6.868645e+01
6.500000e-07	-2.543577e-06	-9.937679e-10	-1.810606e+01	-6.697452e+01
6.600000e-07	-2.397550e-06	-9.578612e-10	-1.706658e+01	-6.522000e+01
6.700000e-07	-2.250702e-06	-9.282364e-10	-1.602127e+01	-6.342172e+01
6.800000e-07	-2.103101e-06	-9.005591e-10	-1.497060e+01	-6.157856e+01
6.900000e-07	-1.954841e-06	-8.728542e-10	-1.391523e+01	-5.968933e+01
7.000000e-07	-1.805978e-06	-8.446121e-10	-1.285558e+01	-5.775270e+01
7.100000e-07	-1.656616e-06	-8.159182e-10	-1.179236e+01	-5.576708e+01
7.200000e-07	-1.506742e-06	-7.851446e-10	-1.072551e+01	-5.373059e+01
7.300000e-07	-1.356277e-06	-7.565681e-10	-9.654445e+00	-5.164112e+01
7.400000e-07	-1.205308e-06	-7.254282e-10	-8.579796e+00	-4.949640e+01
7.500000e-07	-1.053891e-06	-6.897779e-10	-7.501959e+00	-4.729418e+01
7.600000e-07	-9.021083e-07	-6.527001e-10	-6.421518e+00	-4.503234e+01
7.700000e-07	-7.501029e-07	-6.168606e-10	-5.339491e+00	-4.270908e+01
7.800000e-07	-5.979121e-07	-5.831816e-10	-4.256144e+00	-4.032301e+01
7.900000e-07	-4.455078e-07	-5.490460e-10	-3.171278e+00	-3.787312e+01
8.000000e-07	-2.929196e-07	-5.148574e-10	-2.085103e+00	-3.535868e+01
8.100000e-07	-1.401974e-07	-4.758020e-10	-9.979730e-01	-3.277907e+01
8.200000e-07	1.259828e-08	-4.343512e-10	8.967889e-02	-3.013347e+01
8.300000e-07	1.654274e-07	-3.942996e-10	1.177569e+00	-2.742059e+01
8.400000e-07	3.182386e-07	-3.545650e-10	2.265332e+00	-2.463831e+01
8.500000e-07	4.709310e-07	-3.137047e-10	3.352249e+00	-2.178358e+01
8.600000e-07	6.234936e-07	-2.710731e-10	4.438242e+00	-1.885228e+01
8.700000e-07	7.758912e-07	-2.275630e-10	5.523061e+00	-1.583943e+01
8.800000e-07	9.280821e-07	-1.811935e-10	6.606408e+00	-1.273950e+01
8.900000e-07	1.080016e-06	-1.335220e-10	7.687928e+00	-9.546974e+00
9.000000e-07	1.231578e-06	-8.653073e-11	8.766799e+00	-6.257103e+00
9.100000e-07	1.382712e-06	-3.982084e-11	9.842620e+00	-2.866691e+00
9.200000e-07	1.533356e-06	1.183735e-11	1.091495e+01	6.250478e-01
9.300000e-07	1.683376e-06	6.752912e-11	1.198285e+01	4.215747e+00
9.400000e-07	1.832737e-06	1.234568e-10	1.304605e+01	7.899316e+00
9.500000e-07	1.981468e-06	1.798092e-10	1.410477e+01	1.166564e+01
9.600000e-07	2.129466e-06	2.359247e-10	1.515827e+01	1.550060e+01
9.700000e-07	2.276739e-06	2.921971e-10	1.620661e+01	1.938640e+01
9.800000e-07	2.423186e-06	3.473667e-10	1.724907e+01	2.330228e+01
9.900000e-07	2.568626e-06	4.039287e-10	1.828437e+01	2.722539e+01
1.000000e-06	2.713122e-06	4.626768e-10	1.931294e+01	3.113195e+01
1.010000e-06	2.856602e-06	5.199263e-10	2.033427e+01	3.499843e+01
1.020000e-06	2.998983e-06	5.749675e-10	2.134779e+01	3.880263e+01
1.030000e-06	3.140180e-06	6.328342e-10	2.235288e+01	4.252473e+01
1.040000e-06	3.280040e-06	6.897632e-10	2.334845e+01	4.614798e+01
1.050000e-06	3.418620e-06	7.417457e-10	2.433492e+01	4.965920e+01
1.060000e-06	3.555894e-06	7.899617e-10	2.531208e+01	5.304890e+01
1.070000e-06	3.691837e-06	8.355282e-10	2.627976e+01	5.631112e+01
1.080000e-06	3.826426e-06	8.799893e-10	2.723782e+01	5.944305e+01
1.090000e-06	3.959595e-06	9.229340e-10	2.818576e+01	6.244445e+01
1.100000e-06	4.091359e-06	9.648505e-10	2.912370e+01	6.531702e+01
1.110000e-06	4.221654e-06	1.005528e-09	3.005118e+01	6.806371e+01
1.120000e-06	4.350503e-06	1.045266e-09	3.096838e+01	7.068823e+01
1.130000e-06	4.477830e-06	1.083831e-09	3.187474e+01	7.319454e+01
1.140000e-06	4.603624e-06	1.122780e-09	3.277018e+01	7.558663e+01
1.150000e-06	4.727884e-06	1.159514e-09	3.365471e+01	7.786843e+01
1.160000e-06	4.850429e-06	1.189814e-09	3.452702e+01	8.004377e+01
1.170000e-06	4.971253e-06	1.215512e-09	3.538709e+01	8.211655e+01
1.180000e-06	5.090308e-06	1.238427e-09	3.623457e+01	8.409086e+01
1.190000e-06	5.207480e-06	1.262735e-09	3.706864e+01	8.597109e+01
1.200000e-06	5.322648e-06	1.288558e-09	3.788844e+01	8.776197e+01
1.210000e-06	5.435757e-06	1.315286e-09	3.869359e+01	8.946855e+01
1.220000e-06	5.546848e-06	1.342816e-09	3.948437e+01	9.109604e+01
1.230000e-06	5.655947e-06	1.368532e-09	4.026098e+01	9.264958e+01
1.240000e-06	5.763053e-06	1.392369e-09	4.102340e+01	9.413398e+01
1.250000e-06	5.868105e-06	1.413240e-09	4.177119e+01	9.555350e+01
1.260000e-06	5.970996e-06	1.433733e-09	4.250361e+01	9.691157e+01
1.270000e-06	6.071672e-06	1.452021e-09	4.322025e+01	9.821078e+01
1.280000e-06	6.170071e-06	1.467095e-09	4.392069e+01	9.945278e+01
1.290000e-06	6.266068e-06	1.481799e-09	4.460403e+01	1.006385e+02
1.300000e-06	6.359745e-06	1.497589e-09	4.527086e+01	1.017685e+02
1.310000e-06	6.451228e-06	1.515858e-09	4.592206e+01	1.028429e+02
1.320000e-06	6.540400e-06	1.533827e-09	4.655682e+01	1.038623e+02
1.330000e-06	6.627226e-06	1.550594e-09	4.717488e+01	1.048276e+02
1.340000e-06	6.711800e-06	1.566984e-09	4.777690e+01	1.057406e+02
1.350000e-06	6.794033e-06	1.580557e-09	4.836227e+01	1.066037e+02
1.360000e-06	6.873730e-06	1.592853e-09	4.892958e+01	1.074202e+02
1.370000e-06	6.950881e-06	1.605011e-09	4.947876e+01	1.081940e+02
1.380000e-06	7.025430e-06	1.615243e-09	5.000943e+01	1.089292e+02
1.390000e-06	7.097320e-06	1.623265e-09	5.052117e+01	1.096297e+02
1.400000e-06	7.166722e-06	1.631175e-09	5.101520e+01	1.102989e+02
1.410000e-06	7.233620e-06	1.642066e-09	5.149140e+01	1.109395e+02
1.420000e-06	7.297868e-06	1.654652e-09	5.194874e+01	1.115531e+02
1.430000e-06	7.359566e-06	1.666902e-09	5.238793e+01	1.121400e+02
1.440000e-06	7.418796e-06	1.676626e-09	5.280954e+01	1.126996e+02
1.450000e-06	7.475419e-06	1.684180e-09	5.321261e+01	1.132307e+02
1.460000e-06	7.529318e-06	1.692188e-09	5.359628e+01	1.137315e+02
1.470000e-06	7.580243e-06	1.699656e-09	5.395878e+01	1.142003e+02
1.480000e-06	7.628089e-06	1.705792e-09	5.429937e+01	1.146361e+02
1.490000e-06	7.673129e-06	1.710994e-09	5.461998e+01	1.150386e+02
1.500000e-06	7.715509e-06	1.716868e-09	5.492165e+01	1.154084e+02
1.510000e-06	7.755113e-06	1.724108e-09	5.520356e+01	1.157475e+02
1.520000e-06	7.791963e-06	1.732877e-09	5.546587e+01	1.160583e+02
1.530000e-06	7.826140e-06	1.740192e-09	5.570916e+01	1.163442e+02
1.540000e-06	7.857520e-06	1.744894e-09	5.593254e+01	1.166085e+02
1.550000e-06	7.886149e-06	1.748352e-09	5.613632e+01	1.168539e+02
1.560000e-06	7.911983e-06	1.751369e-09	5.632022e+01	1.170823e+02
1.570000e-06	7.934828e-06	1.754854e-09	5.648284e+01	1.172944e+02
1.580000e-06	7.954869e-06	1.758489e-09	5.662550e+01	1.174894e+02
1.590000e-06	7.972091e-06	1.762067e-09	5.674809e+01	1.176649e+02
1.600000e-06	7.986350e-06	1.766003e-09	5.684959e+01	1.178176e+02
1.610000e-06	7.997573e-06	1.770510e-09	5.692948e+01	1.179434e+02
1.620000e-06	8.005662e-06	1.774654e-09	5.698706e+01	1.180381e+02
1.630000e-06	8.010884e-06	1.777061e-09	5.702423e+01	1.180982e+02
1.640000e-06	8.013310e-06	1.777793e-09	5.704150e+01	1.181215e+02
1.650000e-06	8.012898e-06	1.779122e-09	5.703857e+01	1.181074e+02
1.660000e-06	8.009816e-06	1.773450e-09	5.701663e+01	1.180573e+02
1.670000e-06	8.004049e-06	1.773257e-09	5.697558e+01	1.179744e+02
1.680000e-06	7.995583e-06	1.775420e-09	5.691531e+01	1.178637e+02
1.690000e-06	7.984435e-06	1.774125e-09	5.683596e+01	1.177313e+02
1.700000e-06	7.970496e-06	1.772442e-09	5.673673e+01	1.175835e+02
1.710000e-06	7.953921e-06	1.774036e-09	5.661875e+01	1.174262e+02
1.720000e-06	7.935039e-06	1.780811e-09	5.648434e+01	1.172639e+02
1.730000e-06	7.913729e-06	1.752631e-09	5.633265e+01	1.170992e+02
1.740000e-06	7.889397e-06	1.697991e-09	5.615944e+01	1.169321e+02
1.750000e-06	7.861447e-06	1.745399e-09	5.596049e+01	1.167602e+02
1.760000e-06	7.829961e-06	1.764955e-09	5.573636e+01	1.165788e+02
1.770000e-06	7.795779e-06	1.738319e-09	5.549304e+01	1.163813e+02
1.780000e-06	7.759326e-06	1.758747e-09	5.523355e+01	1.161601e+02
1.790000e-06	7.720598e-06	1.833748e-09	5.495787e+01	1.159074e+02
1.800000e-06	7.679783e-06	1.741271e-09	5.466734e+01	1.156163e+02
1.810000e-06	7.636616e-06	1.727966e-09	5.436006e+01	1.152817e+02
1.820000e-06	7.590802e-06	1.828618e-09	5.403394e+01	1.149007e+02
1.830000e-06	7.542339e-06	1.721309e-09	5.368897e+01	1.144732e+02
1.840000e-06	7.490899e-06	1.803194e-09	5.332280e+01	1.140018e+02
1.850000e-06	7.436450e-06	1.754946e-09	5.293521e+01	1.134915e+02
1.860000e-06	7.379229e-06	1.717669e-09	5.252789e+01	1.129490e+02
1.870000e-06	7.319364e-06	1.736881e-09	5.210176e+01	1.123821e+02
1.880000e-06	7.256936e-06	1.659501e-09	5.165737e+01	1.117985e+02
1.890000e-06	7.191765e-06	1.767945e-09	5.119346e+01	1.112048e+02
1.900000e-06	7.123763e-06	1.707836e-09	5.070940e+01	1.106061e+02
1.910000e-06	7.052840e-06	1.695175e-09	5.020454e+01	1.100050e+02
1.920000e-06	6.979159e-06	1.693552e-09	4.968006e+01	1.094019e+02
1.930000e-06	6.902809e-06	1.667305e-09	4.913657e+01	1.087945e+02
1.940000e-06	6.823664e-06	1.711685e-09	4.857319e+01	1.081788e+02
1.950000e-06	6.742008e-06	1.652438e-09	4.799194e+01	1.075493e+02
1.960000e-06	6.657902e-06	1.684446e-09	4.739324e+01	1.068999e+02
1.970000e-06	6.571288e-06	1.636500e-09	4.677669e+01	1.062248e+02
1.980000e-06	6.482263e-06	1.616324e-09	4.614298e+01	1.055191e+02
1.990000e-06	6.391015e-06	1.624585e-09	4.549344e+01	1.047794e+02
2.000000e-06	6.297524e-06	1.618689e-09	4.482794e+01	1.040043e+02
2.010000e-06	6.201697e-06	1.624709e-09	4.414581e+01	1.031941e+02
2.020000e-06	6.103700e-06	1.571591e-09	4.344824e+01	1.023509e+02
2.030000e-06	6.003510e-06	1.566054e-09	4.273505e+01	1.014779e+02
2.040000e-06	5.901188e-06	1.550422e-09	4.200669e+01	1.005792e+02
2.050000e-06	5.796831e-06	1.568299e-09	4.126384e+01	9.965868e+01
2.060000e-06	5.690524e-06	1.548182e-09	4.050711e+01	9.871967e+01
2.070000e-06	5.582258e-06	1.522173e-09	3.973644e+01	9.776446e+01
2.080000e-06	5.471966e-06	1.503164e-09	3.895134e+01	9.679392e+01
2.090000e-06	5.359694e-06	1.486495e-09	3.815215e+01	9.580744e+01
2.100000e-06	5.245381e-06	1.478906e-09	3.733843e+01	9.480301e+01
2.110000e-06	5.129013e-06	1.474566e-09	3.651008e+01	9.377758e+01
2.120000e-06	5.010645e-06	1.468390e-09	3.566750e+01	9.272740e+01
2.130000e-06	4.890371e-06	1.427770e-09	3.481134e+01	9.164856e+01
2.140000e-06	4.768308e-06	1.405079e-09	3.394246e+01	9.053742e+01
2.150000e-06	4.644490e-06	1.397795e-09	3.306108e+01	8.939098e+01
2.160000e-06	4.518957e-06	1.398131e-09	3.216749e+01	8.820714e+01
2.170000e-06	4.391806e-06	1.368789e-09	3.126239e+01	8.698483e+01
2.180000e-06	4.263057e-06	1.342409e-09	3.034591e+01	8.572388e+01
2.190000e-06	4.132787e-06	1.324258e-09	2.941860e+01	8.442488e+01
2.200000e-06	4.001010e-06	1.307618e-09	2.848057e+01	8.308891e+01
2.210000e-06	3.867709e-06	1.289028e-09	2.753168e+01	8.171719e+01
2.220000e-06	3.732934e-06	1.274683e-09	2.657231e+01	8.031081e+01
2.230000e-06	3.596715e-06	1.251494e-09	2.560266e+01	7.887051e+01
2.240000e-06	3.459117e-06	1.214940e-09	2.462318e+01	7.739647e+01
2.250000e-06	3.320156e-06	1.192958e-09	2.363402e+01	7.588834e+01
2.260000e-06	3.179940e-06	1.182553e-09	2.263591e+01	7.434525e+01
2.270000e-06	3.038489e-06	1.166985e-09	2.162901e+01	7.276593e+01
2.280000e-06	2.895850e-06	1.131755e-09	2.061366e+01	7.114889e+01
2.290000e-06	2.752048e-06	1.098903e-09	1.959003e+01	6.949256e+01
2.300000e-06	2.607229e-06	1.072797e-09	1.855915e+01	6.779547e+01
2.310000e-06	2.461656e-06	1.052359e-09	1.752292e+01	6.605624e+01
2.320000e-06	2.315351e-06	1.033530e-09	1.648147e+01	6.427367e+01
2.330000e-06	2.168170e-06	1.010672e-09	1.543378e+01	6.244661e+01
2.340000e-06	2.020119e-06	9.811071e-10	1.437990e+01	6.057392e+01
2.350000e-06	1.871413e-06	9.474718e-10	1.332136e+01	5.865433e+01
2.360000e-06	1.722136e-06	9.181565e-10	1.225876e+01	5.668635e+01
2.370000e-06	1.572418e-06	8.910292e-10	1.119301e+01	5.466820e+01
2.380000e-06	1.422281e-06	8.574673e-10	1.012429e+01	5.259785e+01
2.390000e-06	1.271609e-06	8.193175e-10	9.051752e+00	5.047307e+01
2.400000e-06	1.120461e-06	7.815722e-10	7.975830e+00	4.829158e+01
2.410000e-06	9.689226e-07	7.472176e-10	6.897125e+00	4.605120e+01
2.420000e-06	8.170346e-07	7.161584e-10	5.815934e+00	4.375001e+01
2.430000e-06	6.648677e-07	6.819788e-10	4.732758e+00	4.138645e+01
2.440000e-06	5.124209e-07	6.423999e-10	3.647588e+00	3.895939e+01
2.450000e-06	3.597577e-07	6.005017e-10	2.560879e+00	3.646801e+01
2.460000e-06	2.069601e-07	5.630566e-10	1.473213e+00	3.391170e+01
2.470000e-06	5.406573e-08	5.265959e-10	3.848585e-01	3.128973e+01
2.480000e-06	-9.886523e-08	4.847967e-10	-7.037568e-01	2.860102e+01
2.490000e-06	-2.517726e-07	4.393273e-10	-1.792204e+00	2.584377e+01
2.500000e-06	-4.046541e-07	3.908505e-10	-2.880467e+00	2.301527e+01
2.510000e-06	-5.574482e-07	3.400296e-10	-3.968108e+00	2.011180e+01
2.520000e-06	-7.099641e-07	2.896689e-10	-5.053769e+00	1.712863e+01
2.530000e-06	-8.621566e-07	2.436518e-10	-6.137127e+00	1.406039e+01
2.540000e-06	-1.014073e-06	1.987176e-10	-7.218523e+00	1.090148e+01
2.550000e-06	-1.165725e-06	1.484524e-10	-8.298035e+00	7.646785e+00
2.560000e-06	-1.316970e-06	9.305912e-11	-9.374648e+00	4.292456e+00
2.570000e-06	-1.467669e-06	3.657667e-11	-1.044737e+01	8.367554e-01
2.580000e-06	-1.617817e-06	-1.906874e-11	-1.151618e+01	-2.719153e+00
2.590000e-06	-1.767339e-06	-7.725722e-11	-1.258053e+01	-6.370561e+00
2.600000e-06	-1.916222e-06	-1.367956e-10	-1.364033e+01	-1.010880e+01
2.610000e-06	-2.064494e-06	-1.963035e-10	-1.469578e+01	-1.392117e+01
2.620000e-06	-2.211999e-06	-2.568920e-10	-1.574577e+01	-1.779112e+01
2.630000e-06	-2.358622e-06	-3.182410e-10	-1.678948e+01	-2.169885e+01
2.640000e-06	-2.504363e-06	-3.791535e-10	-1.782692e+01	-2.562213e+01
2.650000e-06	-2.649146e-06	-4.404307e-10	-1.885753e+01	-2.953741e+01
2.660000e-06	-2.792907e-06	-5.030771e-10	-1.988088e+01	-3.342090e+01
2.670000e-06	-2.935543e-06	-5.642584e-10	-2.089621e+01	-3.724982e+01
2.680000e-06	-3.076960e-06	-6.229953e-10	-2.190286e+01	-4.100339e+01
2.690000e-06	-3.217199e-06	-6.810225e-10	-2.290113e+01	-4.466370e+01
2.700000e-06	-3.356177e-06	-7.379965e-10	-2.389042e+01	-4.821627e+01
2.710000e-06	-3.493850e-06	-7.923725e-10	-2.487043e+01	-5.165028e+01
2.720000e-06	-3.630278e-06	-8.447451e-10	-2.584157e+01	-5.495856e+01
2.730000e-06	-3.765333e-06	-8.950028e-10	-2.680294e+01	-5.813723e+01
2.740000e-06	-3.898970e-06	-9.426196e-10	-2.775421e+01	-6.118520e+01
2.750000e-06	-4.031292e-06	-9.878442e-10	-2.869613e+01	-6.410355e+01
2.760000e-06	-4.162226e-06	-1.032140e-09	-2.962816e+01	-6.689486e+01
2.770000e-06	-4.291711e-06	-1.075390e-09	-3.054988e+01	-6.956262e+01
2.780000e-06	-4.419762e-06	-1.117312e-09	-3.146138e+01	-7.211074e+01
2.790000e-06	-4.546287e-06	-1.156630e-09	-3.236203e+01	-7.454323e+01
2.800000e-06	-4.671265e-06	-1.192972e-09	-3.325167e+01	-7.686403e+01
2.810000e-06	-4.794619e-06	-1.228526e-09	-3.412975e+01	-7.907700e+01
2.820000e-06	-4.916233e-06	-1.262275e-09	-3.499544e+01	-8.118602e+01
2.830000e-06	-5.036015e-06	-1.294648e-09	-3.584809e+01	-8.319507e+01
2.840000e-06	-5.153857e-06	-1.324606e-09	-3.668693e+01	-8.510842e+01
2.850000e-06	-5.269664e-06	-1.353460e-09	-3.751128e+01	-8.693071e+01
2.860000e-06	-5.383241e-06	-1.383105e-09	-3.831976e+01	-8.866686e+01
2.870000e-06	-5.494698e-06	-1.410276e-09	-3.911315e+01	-9.032205e+01
2.880000e-06	-5.604210e-06	-1.434584e-09	-3.989270e+01	-9.190148e+01
2.890000e-06	-5.711775e-06	-1.457783e-09	-4.065838e+01	-9.341011e+01
2.900000e-06	-5.817321e-06	-1.481654e-09	-4.140969e+01	-9.485241e+01
2.910000e-06	-5.920725e-06	-1.504202e-09	-4.214576e+01	-9.623215e+01
2.920000e-06	-6.021957e-06	-1.524524e-09	-4.286637e+01	-9.755220e+01
2.930000e-06	-6.120985e-06	-1.543685e-09	-4.357128e+01	-9.881454e+01
2.940000e-06	-6.217869e-06	-1.561630e-09	-4.426093e+01	-1.000204e+02
2.950000e-06	-6.312533e-06	-1.577642e-09	-4.493478e+01	-1.011703e+02
2.960000e-06	-6.404887e-06	-1.593640e-09	-4.559219e+01	-1.022645e+02
2.970000e-06	-6.494957e-06	-1.611727e-09	-4.623334e+01	-1.033036e+02
2.980000e-06	-6.582734e-06	-1.629629e-09	-4.685817e+01	-1.042881e+02
2.990000e-06	-6.668148e-06	-1.643792e-09	-4.746617e+01	-1.052196e+02
3.000000e-06	-6.751115e-06	-1.655370e-09	-4.805676e+01	-1.061002e+02
3.010000e-06	-6.831671e-06	-1.666141e-09	-4.863019e+01	-1.069330e+02
3.020000e-06	-6.909672e-06	-1.676229e-09	-4.918543e+01	-1.077217e+02
3.030000e-06	-6.984951e-06	-1.686036e-09	-4.972128e+01	-1.084702e+02
3.040000e-06	-7.057648e-06	-1.697422e-09	-5.023877e+01	-1.091827e+02
3.050000e-06	-7.127784e-06	-1.709977e-09	-5.073802e+01	-1.098628e+02
3.060000e-06	-7.195377e-06	-1.721518e-09	-5.121917e+01	-1.105135e+02
3.070000e-06	-7.260541e-06	-1.730904e-09	-5.168303e+01	-1.111366e+02
3.080000e-06	-7.323168e-06	-1.738728e-09	-5.212883e+01	-1.117331e+02
3.090000e-06	-7.383184e-06	-1.744572e-09	-5.255605e+01	-1.123027e+02
3.100000e-06	-7.440550e-06	-1.751169e-09	-5.296440e+01	-1.128442e+02
3.110000e-06	-7.495206e-06	-1.758173e-09	-5.335345e+01	-1.133561e+02
3.120000e-06	-7.546955e-06	-1.765890e-09	-5.372183e+01	-1.138365e+02
3.130000e-06	-7.595579e-06	-1.772930e-09	-5.406795e+01	-1.142843e+02
3.140000e-06	-7.641339e-06	-1.777686e-09	-5.439368e+01	-1.146987e+02
3.150000e-06	-7.684665e-06	-1.782378e-09	-5.470209e+01	-1.150801e+02
3.160000e-06	-7.725449e-06	-1.788097e-09	-5.499241e+01	-1.154299e+02
3.170000e-06	-7.763435e-06	-1.794501e-09	-5.526280e+01	-1.157505e+02
3.180000e-06	-7.798684e-06	-1.797367e-09	-5.551372e+01	-1.160450e+02
3.190000e-06	-7.831172e-06	-1.797478e-09	-5.574498e+01	-1.163167e+02
3.200000e-06	-7.860764e-06	-1.797665e-09	-5.595563e+01	-1.165686e+02
3.210000e-06	-7.887524e-06	-1.800272e-09	-5.614611e+01	-1.168030e+02
3.220000e-06	-7.911478e-06	-1.804843e-09	-5.631662e+01	-1.170211e+02
3.230000e-06	-7.932542e-06	-1.808654e-09	-5.646657e+01	-1.172224e+02
3.240000e-06	-7.950797e-06	-1.809460e-09	-5.659651e+01	-1.174052e+02
3.250000e-06	-7.966208e-06	-1.808869e-09	-5.670621e+01	-1.175666e+02
3.260000e-06	-7.978475e-06	-1.808796e-09	-5.679353e+01	-1.177025e+02
3.270000e-06	-7.987649e-06	-1.810281e-09	-5.685884e+01	-1.178088e+02
3.280000e-06	-7.993920e-06	-1.811993e-09	-5.690348e+01	-1.178817e+02
3.290000e-06	-7.997388e-06	-1.813251e-09	-5.692816e+01	-1.179184e+02
3.300000e-06	-7.998138e-06	-1.810136e-09	-5.693350e+01	-1.179177e+02
