# Temperatura_=_53.66
# Concentracion g/m^3_=_15000.0
# C_Vs_to_Am_M_A/Vsm_=_65563218390.804596
# pendiente_HvsI_1/m_=_3716.3
# ordenada_HvsI_A/m_=_1297.0
# frecuencia_Hz_=_302448.8455078655

Tiempo_(s)	Campo_(V.s)	Magnetizacion_(V.s)	Campo_(kA/m)	Magnetizacion_(A/m)
0.000000e+00	-8.051946e-06	-1.719744e-08	-5.689960e+01	-1.125108e+03
1.000000e-08	-8.049091e-06	-1.719901e-08	-5.687943e+01	-1.124731e+03
2.000000e-08	-8.043542e-06	-1.719441e-08	-5.684021e+01	-1.124153e+03
3.000000e-08	-8.035415e-06	-1.718475e-08	-5.678279e+01	-1.123376e+03
4.000000e-08	-8.024479e-06	-1.717216e-08	-5.670550e+01	-1.122406e+03
5.000000e-08	-8.010482e-06	-1.715494e-08	-5.660659e+01	-1.121252e+03
6.000000e-08	-7.993571e-06	-1.713166e-08	-5.648709e+01	-1.119925e+03
7.000000e-08	-7.974263e-06	-1.710627e-08	-5.635065e+01	-1.118437e+03
8.000000e-08	-7.952673e-06	-1.708444e-08	-5.619808e+01	-1.116803e+03
9.000000e-08	-7.928196e-06	-1.709970e-08	-5.602512e+01	-1.115036e+03
1.000000e-07	-7.900415e-06	-1.706870e-08	-5.582880e+01	-1.113149e+03
1.100000e-07	-7.869557e-06	-1.699729e-08	-5.561074e+01	-1.111151e+03
1.200000e-07	-7.835889e-06	-1.695681e-08	-5.537282e+01	-1.109048e+03
1.300000e-07	-7.799514e-06	-1.693168e-08	-5.511578e+01	-1.106845e+03
1.400000e-07	-7.760791e-06	-1.688682e-08	-5.484214e+01	-1.104537e+03
1.500000e-07	-7.719939e-06	-1.680565e-08	-5.455345e+01	-1.102120e+03
1.600000e-07	-7.676678e-06	-1.680562e-08	-5.424775e+01	-1.099581e+03
1.700000e-07	-7.630658e-06	-1.673971e-08	-5.392254e+01	-1.096906e+03
1.800000e-07	-7.581837e-06	-1.663767e-08	-5.357755e+01	-1.094073e+03
1.900000e-07	-7.530009e-06	-1.665028e-08	-5.321130e+01	-1.091063e+03
2.000000e-07	-7.475193e-06	-1.658857e-08	-5.282394e+01	-1.087851e+03
2.100000e-07	-7.417658e-06	-1.653191e-08	-5.241736e+01	-1.084414e+03
2.200000e-07	-7.357445e-06	-1.648422e-08	-5.199187e+01	-1.080731e+03
2.300000e-07	-7.294614e-06	-1.640940e-08	-5.154787e+01	-1.076784e+03
2.400000e-07	-7.229012e-06	-1.634493e-08	-5.108428e+01	-1.072559e+03
2.500000e-07	-7.160641e-06	-1.624727e-08	-5.060114e+01	-1.068050e+03
2.600000e-07	-7.089631e-06	-1.619138e-08	-5.009935e+01	-1.063255e+03
2.700000e-07	-7.015771e-06	-1.610523e-08	-4.957740e+01	-1.058179e+03
2.800000e-07	-6.939034e-06	-1.601211e-08	-4.903514e+01	-1.052832e+03
2.900000e-07	-6.859473e-06	-1.592158e-08	-4.847291e+01	-1.047227e+03
3.000000e-07	-6.777272e-06	-1.583905e-08	-4.789204e+01	-1.041382e+03
3.100000e-07	-6.692821e-06	-1.576767e-08	-4.729526e+01	-1.035312e+03
3.200000e-07	-6.606114e-06	-1.566093e-08	-4.668253e+01	-1.029031e+03
3.300000e-07	-6.516986e-06	-1.557776e-08	-4.605271e+01	-1.022550e+03
3.400000e-07	-6.425445e-06	-1.548247e-08	-4.540583e+01	-1.015873e+03
3.500000e-07	-6.331653e-06	-1.537437e-08	-4.474304e+01	-1.009000e+03
3.600000e-07	-6.235543e-06	-1.525627e-08	-4.406388e+01	-1.001923e+03
3.700000e-07	-6.137059e-06	-1.514504e-08	-4.336793e+01	-9.946294e+02
3.800000e-07	-6.036378e-06	-1.502963e-08	-4.265646e+01	-9.871051e+02
3.900000e-07	-5.933569e-06	-1.489749e-08	-4.192996e+01	-9.793324e+02
4.000000e-07	-5.828656e-06	-1.478208e-08	-4.118858e+01	-9.712952e+02
4.100000e-07	-5.721667e-06	-1.466063e-08	-4.043254e+01	-9.629796e+02
4.200000e-07	-5.612720e-06	-1.453069e-08	-3.966265e+01	-9.543761e+02
4.300000e-07	-5.501830e-06	-1.438255e-08	-3.887904e+01	-9.454800e+02
4.400000e-07	-5.388839e-06	-1.424492e-08	-3.808058e+01	-9.362914e+02
4.500000e-07	-5.273663e-06	-1.410415e-08	-3.726668e+01	-9.268144e+02
4.600000e-07	-5.156452e-06	-1.395473e-08	-3.643841e+01	-9.170550e+02
4.700000e-07	-5.037420e-06	-1.380730e-08	-3.559726e+01	-9.070198e+02
4.800000e-07	-4.916576e-06	-1.365710e-08	-3.474330e+01	-8.967130e+02
4.900000e-07	-4.793896e-06	-1.349596e-08	-3.387638e+01	-8.861345e+02
5.000000e-07	-4.669490e-06	-1.332527e-08	-3.299726e+01	-8.752787e+02
5.100000e-07	-4.543490e-06	-1.315628e-08	-3.210687e+01	-8.641335e+02
5.200000e-07	-4.415855e-06	-1.297720e-08	-3.120493e+01	-8.526811e+02
5.300000e-07	-4.286563e-06	-1.279274e-08	-3.029128e+01	-8.408987e+02
5.400000e-07	-4.155671e-06	-1.260216e-08	-2.936632e+01	-8.287610e+02
5.500000e-07	-4.023173e-06	-1.241151e-08	-2.843001e+01	-8.162431e+02
5.600000e-07	-3.889176e-06	-1.221199e-08	-2.748312e+01	-8.033224e+02
5.700000e-07	-3.753748e-06	-1.201055e-08	-2.652611e+01	-7.899818e+02
5.800000e-07	-3.616831e-06	-1.180823e-08	-2.555858e+01	-7.762106e+02
5.900000e-07	-3.478453e-06	-1.159366e-08	-2.458071e+01	-7.620056e+02
6.000000e-07	-3.338652e-06	-1.137042e-08	-2.359280e+01	-7.473701e+02
6.100000e-07	-3.197449e-06	-1.114095e-08	-2.259499e+01	-7.323119e+02
6.200000e-07	-3.054883e-06	-1.090629e-08	-2.158753e+01	-7.168409e+02
6.300000e-07	-2.911093e-06	-1.066232e-08	-2.057143e+01	-7.009655e+02
6.400000e-07	-2.766250e-06	-1.041333e-08	-1.954789e+01	-6.846892e+02
6.500000e-07	-2.620419e-06	-1.015722e-08	-1.851736e+01	-6.680077e+02
6.600000e-07	-2.473689e-06	-9.893526e-09	-1.748049e+01	-6.509072e+02
6.700000e-07	-2.326184e-06	-9.623089e-09	-1.643813e+01	-6.333636e+02
6.800000e-07	-2.177944e-06	-9.346860e-09	-1.539058e+01	-6.153434e+02
6.900000e-07	-2.028986e-06	-9.064554e-09	-1.433796e+01	-5.968067e+02
7.000000e-07	-1.879404e-06	-8.770647e-09	-1.328093e+01	-5.777096e+02
7.100000e-07	-1.729304e-06	-8.468797e-09	-1.222024e+01	-5.580094e+02
7.200000e-07	-1.578661e-06	-8.158636e-09	-1.115571e+01	-5.376678e+02
7.300000e-07	-1.427445e-06	-7.839553e-09	-1.008714e+01	-5.166545e+02
7.400000e-07	-1.275679e-06	-7.507061e-09	-9.014671e+00	-4.949487e+02
7.500000e-07	-1.123378e-06	-7.164248e-09	-7.938424e+00	-4.725394e+02
7.600000e-07	-9.705953e-07	-6.813636e-09	-6.858775e+00	-4.494230e+02
7.700000e-07	-8.174489e-07	-6.452115e-09	-5.776556e+00	-4.255992e+02
7.800000e-07	-6.640767e-07	-6.078728e-09	-4.692742e+00	-4.010658e+02
7.900000e-07	-5.105177e-07	-5.693924e-09	-3.607607e+00	-3.758122e+02
8.000000e-07	-3.568077e-07	-5.298400e-09	-2.521405e+00	-3.498138e+02
8.100000e-07	-2.029528e-07	-4.887393e-09	-1.434180e+00	-3.230268e+02
8.200000e-07	-4.896761e-08	-4.461361e-09	-3.460328e-01	-2.953864e+02
8.300000e-07	1.050601e-07	-4.021678e-09	7.424144e-01	-2.668070e+02
8.400000e-07	2.590705e-07	-3.569804e-09	1.830738e+00	-2.371866e+02
8.500000e-07	4.130099e-07	-3.101056e-09	2.918561e+00	-2.064143e+02
8.600000e-07	5.668715e-07	-2.611601e-09	4.005835e+00	-1.743812e+02
8.700000e-07	7.205808e-07	-2.103714e-09	5.092031e+00	-1.409933e+02
8.800000e-07	8.740276e-07	-1.576977e-09	6.176373e+00	-1.061850e+02
8.900000e-07	1.027198e-06	-1.029931e-09	7.258759e+00	-6.993324e+01
9.000000e-07	1.180063e-06	-4.609273e-10	8.338993e+00	-3.226799e+01
9.100000e-07	1.332532e-06	1.264724e-10	9.416422e+00	6.719349e+00
9.200000e-07	1.484489e-06	7.329569e-10	1.049024e+01	4.687287e+01
9.300000e-07	1.635811e-06	1.359162e-09	1.155957e+01	8.797406e+01
9.400000e-07	1.786374e-06	1.998643e-09	1.262353e+01	1.297491e+02
9.500000e-07	1.936218e-06	2.644412e-09	1.368241e+01	1.718812e+02
9.600000e-07	2.085457e-06	3.291021e-09	1.473702e+01	2.140264e+02
9.700000e-07	2.234030e-06	3.933928e-09	1.578692e+01	2.558326e+02
9.800000e-07	2.381803e-06	4.564044e-09	1.683117e+01	2.969589e+02
9.900000e-07	2.528687e-06	5.173354e-09	1.786913e+01	3.370938e+02
1.000000e-06	2.674652e-06	5.757993e-09	1.890060e+01	3.759712e+02
1.010000e-06	2.819633e-06	6.319972e-09	1.992512e+01	4.133821e+02
1.020000e-06	2.963498e-06	6.858001e-09	2.094176e+01	4.491812e+02
1.030000e-06	3.106206e-06	7.368383e-09	2.195021e+01	4.832886e+02
1.040000e-06	3.247746e-06	7.855105e-09	2.295041e+01	5.156856e+02
1.050000e-06	3.388026e-06	8.319690e-09	2.394171e+01	5.464069e+02
1.060000e-06	3.526933e-06	8.762964e-09	2.492330e+01	5.755286e+02
1.070000e-06	3.664435e-06	9.187767e-09	2.589497e+01	6.031553e+02
1.080000e-06	3.800450e-06	9.593894e-09	2.685613e+01	6.294059e+02
1.090000e-06	3.934997e-06	9.978656e-09	2.780691e+01	6.544011e+02
1.100000e-06	4.068270e-06	1.034155e-08	2.874870e+01	6.782529e+02
1.110000e-06	4.200191e-06	1.068632e-08	2.968093e+01	7.010575e+02
1.120000e-06	4.330553e-06	1.101559e-08	3.060214e+01	7.228913e+02
1.130000e-06	4.459317e-06	1.133127e-08	3.151205e+01	7.438101e+02
1.140000e-06	4.586495e-06	1.163446e-08	3.241077e+01	7.638525e+02
1.150000e-06	4.712169e-06	1.192554e-08	3.329885e+01	7.830433e+02
1.160000e-06	4.836333e-06	1.220493e-08	3.417626e+01	8.014001e+02
1.170000e-06	4.958799e-06	1.247151e-08	3.504168e+01	8.189389e+02
1.180000e-06	5.079434e-06	1.272395e-08	3.589415e+01	8.356785e+02
1.190000e-06	5.198221e-06	1.296435e-08	3.673357e+01	8.516449e+02
1.200000e-06	5.315146e-06	1.319366e-08	3.755983e+01	8.668722e+02
1.210000e-06	5.430041e-06	1.341362e-08	3.837174e+01	8.814026e+02
1.220000e-06	5.542729e-06	1.362389e-08	3.916806e+01	8.952837e+02
1.230000e-06	5.653289e-06	1.382504e-08	3.994934e+01	9.085660e+02
1.240000e-06	5.761946e-06	1.401884e-08	4.071717e+01	9.212980e+02
1.250000e-06	5.868625e-06	1.420508e-08	4.147102e+01	9.335229e+02
1.260000e-06	5.973065e-06	1.438543e-08	4.220905e+01	9.452750e+02
1.270000e-06	6.075283e-06	1.455642e-08	4.293139e+01	9.565784e+02
1.280000e-06	6.175344e-06	1.471941e-08	4.363848e+01	9.674459e+02
1.290000e-06	6.273056e-06	1.487633e-08	4.432896e+01	9.778806e+02
1.300000e-06	6.368336e-06	1.502636e-08	4.500226e+01	9.878783e+02
1.310000e-06	6.461369e-06	1.517039e-08	4.565969e+01	9.974306e+02
1.320000e-06	6.552206e-06	1.530823e-08	4.630159e+01	1.006529e+03
1.330000e-06	6.640641e-06	1.544218e-08	4.692652e+01	1.015168e+03
1.340000e-06	6.726670e-06	1.556981e-08	4.753446e+01	1.023349e+03
1.350000e-06	6.810464e-06	1.568930e-08	4.812659e+01	1.031081e+03
1.360000e-06	6.891846e-06	1.580148e-08	4.870168e+01	1.038382e+03
1.370000e-06	6.970648e-06	1.590907e-08	4.925854e+01	1.045275e+03
1.380000e-06	7.046862e-06	1.601173e-08	4.979711e+01	1.051793e+03
1.390000e-06	7.120389e-06	1.610665e-08	5.031669e+01	1.057967e+03
1.400000e-06	7.191324e-06	1.619549e-08	5.081796e+01	1.063831e+03
1.410000e-06	7.259759e-06	1.627795e-08	5.130156e+01	1.069414e+03
1.420000e-06	7.325544e-06	1.635537e-08	5.176643e+01	1.074738e+03
1.430000e-06	7.388722e-06	1.643044e-08	5.221289e+01	1.079819e+03
1.440000e-06	7.449473e-06	1.650438e-08	5.264219e+01	1.084662e+03
1.450000e-06	7.507569e-06	1.657682e-08	5.305273e+01	1.089267e+03
1.460000e-06	7.562930e-06	1.664568e-08	5.344394e+01	1.093625e+03
1.470000e-06	7.615464e-06	1.670954e-08	5.381517e+01	1.097725e+03
1.480000e-06	7.664823e-06	1.676633e-08	5.416397e+01	1.101554e+03
1.490000e-06	7.711247e-06	1.681784e-08	5.449203e+01	1.105098e+03
1.500000e-06	7.755090e-06	1.686531e-08	5.480185e+01	1.108351e+03
1.510000e-06	7.796178e-06	1.690732e-08	5.509220e+01	1.111307e+03
1.520000e-06	7.834451e-06	1.694679e-08	5.536266e+01	1.113971e+03
1.530000e-06	7.870058e-06	1.698419e-08	5.561428e+01	1.116350e+03
1.540000e-06	7.902834e-06	1.701853e-08	5.584589e+01	1.118457e+03
1.550000e-06	7.932758e-06	1.704892e-08	5.605735e+01	1.120310e+03
1.560000e-06	7.959912e-06	1.707522e-08	5.624924e+01	1.121925e+03
1.570000e-06	7.984078e-06	1.709795e-08	5.642001e+01	1.123321e+03
1.580000e-06	8.005370e-06	1.711598e-08	5.657047e+01	1.124513e+03
1.590000e-06	8.023939e-06	1.712940e-08	5.670169e+01	1.125514e+03
1.600000e-06	8.039545e-06	1.713967e-08	5.681197e+01	1.126330e+03
1.610000e-06	8.052068e-06	1.714760e-08	5.690047e+01	1.126966e+03
1.620000e-06	8.061422e-06	1.715335e-08	5.696657e+01	1.127420e+03
1.630000e-06	8.067752e-06	1.715733e-08	5.701130e+01	1.127690e+03
1.640000e-06	8.071311e-06	1.716091e-08	5.703645e+01	1.127770e+03
1.650000e-06	8.072026e-06	1.716414e-08	5.704150e+01	1.127656e+03
1.660000e-06	8.069986e-06	1.715928e-08	5.702709e+01	1.127342e+03
1.670000e-06	8.065302e-06	1.714927e-08	5.699399e+01	1.126828e+03
1.680000e-06	8.057873e-06	1.713848e-08	5.694149e+01	1.126115e+03
1.690000e-06	8.047733e-06	1.712630e-08	5.686983e+01	1.125206e+03
1.700000e-06	8.034775e-06	1.711037e-08	5.677827e+01	1.124109e+03
1.710000e-06	8.019057e-06	1.709208e-08	5.666719e+01	1.122835e+03
1.720000e-06	8.000957e-06	1.707123e-08	5.653929e+01	1.121397e+03
1.730000e-06	7.980531e-06	1.703325e-08	5.639494e+01	1.119808e+03
1.740000e-06	7.957261e-06	1.695887e-08	5.623051e+01	1.118082e+03
1.750000e-06	7.930504e-06	1.695901e-08	5.604142e+01	1.116232e+03
1.760000e-06	7.900072e-06	1.696327e-08	5.582638e+01	1.114268e+03
1.770000e-06	7.866600e-06	1.691829e-08	5.558984e+01	1.112198e+03
1.780000e-06	7.830778e-06	1.687225e-08	5.533671e+01	1.110027e+03
1.790000e-06	7.792626e-06	1.687774e-08	5.506710e+01	1.107753e+03
1.800000e-06	7.752351e-06	1.681617e-08	5.478249e+01	1.105371e+03
1.810000e-06	7.709872e-06	1.675922e-08	5.448232e+01	1.102873e+03
1.820000e-06	7.664730e-06	1.679781e-08	5.416332e+01	1.100243e+03
1.830000e-06	7.616959e-06	1.670884e-08	5.382574e+01	1.097463e+03
1.840000e-06	7.566241e-06	1.671765e-08	5.346734e+01	1.094511e+03
1.850000e-06	7.512431e-06	1.664948e-08	5.308709e+01	1.091366e+03
1.860000e-06	7.455855e-06	1.658186e-08	5.268729e+01	1.088004e+03
1.870000e-06	7.396573e-06	1.657359e-08	5.226837e+01	1.084401e+03
1.880000e-06	7.334617e-06	1.645174e-08	5.183055e+01	1.080540e+03
1.890000e-06	7.269854e-06	1.647453e-08	5.137290e+01	1.076406e+03
1.900000e-06	7.202316e-06	1.639092e-08	5.089564e+01	1.071988e+03
1.910000e-06	7.131970e-06	1.628995e-08	5.039853e+01	1.067284e+03
1.920000e-06	7.058775e-06	1.623621e-08	4.988130e+01	1.062297e+03
1.930000e-06	6.982898e-06	1.614528e-08	4.934511e+01	1.057035e+03
1.940000e-06	6.904268e-06	1.609221e-08	4.878946e+01	1.051511e+03
1.950000e-06	6.823034e-06	1.596288e-08	4.821542e+01	1.045741e+03
1.960000e-06	6.739277e-06	1.590375e-08	4.762355e+01	1.039741e+03
1.970000e-06	6.652963e-06	1.579428e-08	4.701360e+01	1.033526e+03
1.980000e-06	6.564215e-06	1.567373e-08	4.638646e+01	1.027108e+03
1.990000e-06	6.473190e-06	1.559647e-08	4.574322e+01	1.020494e+03
2.000000e-06	6.379929e-06	1.549484e-08	4.508419e+01	1.013684e+03
2.010000e-06	6.284304e-06	1.539630e-08	4.440845e+01	1.006672e+03
2.020000e-06	6.186473e-06	1.526674e-08	4.371712e+01	9.994499e+02
2.030000e-06	6.086400e-06	1.516947e-08	4.300994e+01	9.920012e+02
2.040000e-06	5.984090e-06	1.504639e-08	4.228697e+01	9.843097e+02
2.050000e-06	5.879695e-06	1.491684e-08	4.154925e+01	9.763587e+02
2.060000e-06	5.773344e-06	1.477828e-08	4.079772e+01	9.681334e+02
2.070000e-06	5.665051e-06	1.465997e-08	4.003245e+01	9.596228e+02
2.080000e-06	5.554713e-06	1.452695e-08	3.925274e+01	9.508205e+02
2.090000e-06	5.442330e-06	1.438606e-08	3.845858e+01	9.417252e+02
2.100000e-06	5.327851e-06	1.426008e-08	3.764961e+01	9.323398e+02
2.110000e-06	5.211278e-06	1.411013e-08	3.682584e+01	9.226700e+02
2.120000e-06	5.092686e-06	1.395491e-08	3.598780e+01	9.127224e+02
2.130000e-06	4.972204e-06	1.379240e-08	3.513641e+01	9.025021e+02
2.140000e-06	4.849928e-06	1.363997e-08	3.427233e+01	8.920108e+02
2.150000e-06	4.725932e-06	1.347666e-08	3.339611e+01	8.812447e+02
2.160000e-06	4.600176e-06	1.330866e-08	3.250745e+01	8.701938e+02
2.170000e-06	4.472724e-06	1.313336e-08	3.160679e+01	8.588420e+02
2.180000e-06	4.343676e-06	1.295818e-08	3.069487e+01	8.471678e+02
2.190000e-06	4.213050e-06	1.277255e-08	2.977180e+01	8.351467e+02
2.200000e-06	4.080906e-06	1.258601e-08	2.883799e+01	8.227532e+02
2.210000e-06	3.947237e-06	1.239140e-08	2.789341e+01	8.099637e+02
2.220000e-06	3.812086e-06	1.218476e-08	2.693835e+01	7.967590e+02
2.230000e-06	3.675455e-06	1.197401e-08	2.597284e+01	7.831265e+02
2.240000e-06	3.537449e-06	1.175724e-08	2.499761e+01	7.690604e+02
2.250000e-06	3.398074e-06	1.153778e-08	2.401271e+01	7.545621e+02
2.260000e-06	3.257266e-06	1.131244e-08	2.301769e+01	7.396383e+02
2.270000e-06	3.115207e-06	1.108534e-08	2.201381e+01	7.242985e+02
2.280000e-06	2.971949e-06	1.084960e-08	2.100147e+01	7.085519e+02
2.290000e-06	2.827532e-06	1.060623e-08	1.998094e+01	6.924041e+02
2.300000e-06	2.682167e-06	1.035334e-08	1.895371e+01	6.758534e+02
2.310000e-06	2.535969e-06	1.009570e-08	1.792059e+01	6.588892e+02
2.320000e-06	2.388924e-06	9.829102e-09	1.688149e+01	6.414908e+02
2.330000e-06	2.241035e-06	9.553191e-09	1.583642e+01	6.236275e+02
2.340000e-06	2.092312e-06	9.270187e-09	1.478546e+01	6.052610e+02
2.350000e-06	1.942787e-06	8.978779e-09	1.372883e+01	5.863484e+02
2.360000e-06	1.792660e-06	8.680280e-09	1.266795e+01	5.668460e+02
2.370000e-06	1.642030e-06	8.374203e-09	1.160351e+01	5.467139e+02
2.380000e-06	1.490865e-06	8.059576e-09	1.053530e+01	5.259188e+02
2.390000e-06	1.339218e-06	7.735731e-09	9.463671e+00	5.044367e+02
2.400000e-06	1.187119e-06	7.400029e-09	8.388853e+00	4.822538e+02
2.410000e-06	1.034612e-06	7.052952e-09	7.311151e+00	4.593643e+02
2.420000e-06	8.817216e-07	6.696274e-09	6.230743e+00	4.357674e+02
2.430000e-06	7.285623e-07	6.327313e-09	5.148433e+00	4.114623e+02
2.440000e-06	5.751626e-07	5.946698e-09	4.064424e+00	3.864417e+02
2.450000e-06	4.215399e-07	5.552084e-09	2.978839e+00	3.606860e+02
2.460000e-06	2.677769e-07	5.145732e-09	1.892263e+00	3.341580e+02
2.470000e-06	1.138912e-07	4.728139e-09	8.048199e-01	3.067999e+02
2.480000e-06	-4.006486e-08	4.295518e-09	-2.831210e-01	2.785323e+02
2.490000e-06	-1.940014e-07	3.845399e-09	-1.370924e+00	2.492578e+02
2.500000e-06	-3.478404e-07	3.376309e-09	-2.458037e+00	2.188676e+02
2.510000e-06	-5.016220e-07	2.891311e-09	-3.544745e+00	1.872505e+02
2.520000e-06	-6.552844e-07	2.389485e-09	-4.630610e+00	1.543064e+02
2.530000e-06	-8.087283e-07	1.866862e-09	-5.714931e+00	1.199591e+02
2.540000e-06	-9.619556e-07	1.322815e-09	-6.797722e+00	8.417029e+01
2.550000e-06	-1.114887e-06	7.568949e-10	-7.878424e+00	4.695200e+01
2.560000e-06	-1.267396e-06	1.705858e-10	-8.956139e+00	8.375271e+00
2.570000e-06	-1.419401e-06	-4.348244e-10	-1.003029e+01	-3.142479e+01
2.580000e-06	-1.570837e-06	-1.058816e-09	-1.110042e+01	-7.224924e+01
2.590000e-06	-1.721669e-06	-1.696619e-09	-1.216629e+01	-1.138409e+02
2.600000e-06	-1.871891e-06	-2.343098e-09	-1.322784e+01	-1.558953e+02
2.610000e-06	-2.021433e-06	-2.992721e-09	-1.428459e+01	-1.980751e+02
2.620000e-06	-2.170266e-06	-3.637939e-09	-1.533633e+01	-2.400289e+02
2.630000e-06	-2.318255e-06	-4.273230e-09	-1.638210e+01	-2.814099e+02
2.640000e-06	-2.465227e-06	-4.895556e-09	-1.742069e+01	-3.218954e+02
2.650000e-06	-2.611302e-06	-5.498917e-09	-1.845294e+01	-3.612032e+02
2.660000e-06	-2.756538e-06	-6.078345e-09	-1.947926e+01	-3.991049e+02
2.670000e-06	-2.900768e-06	-6.632197e-09	-2.049847e+01	-4.354344e+02
2.680000e-06	-3.043783e-06	-7.160001e-09	-2.150909e+01	-4.700908e+02
2.690000e-06	-3.185603e-06	-7.661060e-09	-2.251127e+01	-5.030367e+02
2.700000e-06	-3.326237e-06	-8.137585e-09	-2.350507e+01	-5.342904e+02
2.710000e-06	-3.465421e-06	-8.591438e-09	-2.448862e+01	-5.639164e+02
2.720000e-06	-3.603227e-06	-9.022662e-09	-2.546244e+01	-5.920116e+02
2.730000e-06	-3.739800e-06	-9.434154e-09	-2.642754e+01	-6.186916e+02
2.740000e-06	-3.874977e-06	-9.829927e-09	-2.738278e+01	-6.440780e+02
2.750000e-06	-4.008732e-06	-1.020931e-08	-2.832797e+01	-6.682864e+02
2.760000e-06	-4.141120e-06	-1.056762e-08	-2.926350e+01	-6.914188e+02
2.770000e-06	-4.272064e-06	-1.090475e-08	-3.018882e+01	-7.135580e+02
2.780000e-06	-4.401551e-06	-1.122484e-08	-3.110385e+01	-7.347664e+02
2.790000e-06	-4.529594e-06	-1.153261e-08	-3.200868e+01	-7.550877e+02
2.800000e-06	-4.656100e-06	-1.182907e-08	-3.290264e+01	-7.745505e+02
2.810000e-06	-4.780964e-06	-1.211387e-08	-3.378500e+01	-7.931742e+02
2.820000e-06	-4.904077e-06	-1.238505e-08	-3.465498e+01	-8.109745e+02
2.830000e-06	-5.025447e-06	-1.264244e-08	-3.551265e+01	-8.279690e+02
2.840000e-06	-5.144993e-06	-1.289062e-08	-3.635743e+01	-8.441811e+02
2.850000e-06	-5.262479e-06	-1.312978e-08	-3.718765e+01	-8.596422e+02
2.860000e-06	-5.377831e-06	-1.335921e-08	-3.800280e+01	-8.743920e+02
2.870000e-06	-5.490966e-06	-1.357941e-08	-3.880227e+01	-8.884769e+02
2.880000e-06	-5.601844e-06	-1.378775e-08	-3.958580e+01	-9.019467e+02
2.890000e-06	-5.710680e-06	-1.398815e-08	-4.035489e+01	-9.148510e+02
2.900000e-06	-5.817619e-06	-1.418047e-08	-4.111059e+01	-9.272351e+02
2.910000e-06	-5.922608e-06	-1.436347e-08	-4.185250e+01	-9.391365e+02
2.920000e-06	-6.025427e-06	-1.453763e-08	-4.257907e+01	-9.505827e+02
2.930000e-06	-6.125916e-06	-1.470356e-08	-4.328919e+01	-9.615900e+02
2.940000e-06	-6.224186e-06	-1.486456e-08	-4.398362e+01	-9.721644e+02
2.950000e-06	-6.320295e-06	-1.502001e-08	-4.466278e+01	-9.823038e+02
2.960000e-06	-6.414050e-06	-1.516945e-08	-4.532531e+01	-9.920007e+02
2.970000e-06	-6.505444e-06	-1.531082e-08	-4.597114e+01	-1.001246e+03
2.980000e-06	-6.594633e-06	-1.544377e-08	-4.660141e+01	-1.010034e+03
2.990000e-06	-6.681527e-06	-1.556804e-08	-4.721545e+01	-1.018362e+03
3.000000e-06	-6.765950e-06	-1.568432e-08	-4.781203e+01	-1.026237e+03
3.010000e-06	-6.847947e-06	-1.579382e-08	-4.839146e+01	-1.033674e+03
3.020000e-06	-6.927550e-06	-1.589975e-08	-4.895399e+01	-1.040696e+03
3.030000e-06	-7.004478e-06	-1.600379e-08	-4.949760e+01	-1.047331e+03
3.040000e-06	-7.078665e-06	-1.610530e-08	-5.002185e+01	-1.053613e+03
3.050000e-06	-7.150288e-06	-1.620070e-08	-5.052798e+01	-1.059574e+03
3.060000e-06	-7.219348e-06	-1.629056e-08	-5.101600e+01	-1.065245e+03
3.070000e-06	-7.285884e-06	-1.637450e-08	-5.148618e+01	-1.070651e+03
3.080000e-06	-7.349942e-06	-1.645241e-08	-5.193885e+01	-1.075809e+03
3.090000e-06	-7.411360e-06	-1.652465e-08	-5.237286e+01	-1.080729e+03
3.100000e-06	-7.470089e-06	-1.659227e-08	-5.278787e+01	-1.085411e+03
3.110000e-06	-7.526191e-06	-1.665782e-08	-5.318432e+01	-1.089850e+03
3.120000e-06	-7.579454e-06	-1.672167e-08	-5.356071e+01	-1.094035e+03
3.130000e-06	-7.629604e-06	-1.678299e-08	-5.391510e+01	-1.097953e+03
3.140000e-06	-7.676643e-06	-1.684298e-08	-5.424750e+01	-1.101590e+03
3.150000e-06	-7.721056e-06	-1.689883e-08	-5.456135e+01	-1.104937e+03
3.160000e-06	-7.763073e-06	-1.694622e-08	-5.485826e+01	-1.107990e+03
3.170000e-06	-7.802327e-06	-1.698747e-08	-5.513566e+01	-1.110747e+03
3.180000e-06	-7.838735e-06	-1.702594e-08	-5.539293e+01	-1.113217e+03
3.190000e-06	-7.872446e-06	-1.706019e-08	-5.563116e+01	-1.115410e+03
3.200000e-06	-7.903352e-06	-1.708938e-08	-5.584956e+01	-1.117343e+03
3.210000e-06	-7.931369e-06	-1.711305e-08	-5.604754e+01	-1.119033e+03
3.220000e-06	-7.956569e-06	-1.713477e-08	-5.622562e+01	-1.120498e+03
3.230000e-06	-7.978885e-06	-1.715663e-08	-5.638331e+01	-1.121755e+03
3.240000e-06	-7.998304e-06	-1.717631e-08	-5.652054e+01	-1.122817e+03
3.250000e-06	-8.014927e-06	-1.719271e-08	-5.663800e+01	-1.123692e+03
3.260000e-06	-8.028481e-06	-1.720173e-08	-5.673379e+01	-1.124386e+03
3.270000e-06	-8.038877e-06	-1.720576e-08	-5.680725e+01	-1.124899e+03
3.280000e-06	-8.046270e-06	-1.720638e-08	-5.685949e+01	-1.125230e+03
3.290000e-06	-8.050730e-06	-1.720499e-08	-5.689101e+01	-1.125372e+03
3.300000e-06	-8.052464e-06	-1.720156e-08	-5.690326e+01	-1.125321e+03
