# Temperatura_=_62.99
# Concentracion g/m^3_=_15000.0
# C_Vs_to_Am_M_A/Vsm_=_65563218390.804596
# pendiente_HvsI_1/m_=_3716.3
# ordenada_HvsI_A/m_=_1297.0
# frecuencia_Hz_=_302451.26565703045

Tiempo_(s)	Campo_(V.s)	Magnetizacion_(V.s)	Campo_(kA/m)	Magnetizacion_(A/m)
0.000000e+00	-8.000128e-06	-1.755687e-08	-5.689650e+01	-1.148284e+03
1.000000e-08	-7.997101e-06	-1.755354e-08	-5.687497e+01	-1.147852e+03
2.000000e-08	-7.991402e-06	-1.754497e-08	-5.683443e+01	-1.147206e+03
3.000000e-08	-7.983130e-06	-1.753249e-08	-5.677561e+01	-1.146351e+03
4.000000e-08	-7.972063e-06	-1.751811e-08	-5.669690e+01	-1.145296e+03
5.000000e-08	-7.958001e-06	-1.750042e-08	-5.659689e+01	-1.144056e+03
6.000000e-08	-7.941068e-06	-1.747728e-08	-5.647647e+01	-1.142644e+03
7.000000e-08	-7.921709e-06	-1.744881e-08	-5.633878e+01	-1.141079e+03
8.000000e-08	-7.899996e-06	-1.744396e-08	-5.618436e+01	-1.139375e+03
9.000000e-08	-7.875383e-06	-1.744376e-08	-5.600931e+01	-1.137548e+03
1.000000e-07	-7.847537e-06	-1.740088e-08	-5.581128e+01	-1.135608e+03
1.100000e-07	-7.816652e-06	-1.734337e-08	-5.559162e+01	-1.133562e+03
1.200000e-07	-7.782965e-06	-1.729969e-08	-5.535204e+01	-1.131413e+03
1.300000e-07	-7.746633e-06	-1.725584e-08	-5.509365e+01	-1.129157e+03
1.400000e-07	-7.708017e-06	-1.719090e-08	-5.481902e+01	-1.126788e+03
1.500000e-07	-7.667313e-06	-1.716114e-08	-5.452953e+01	-1.124293e+03
1.600000e-07	-7.624164e-06	-1.715647e-08	-5.422266e+01	-1.121655e+03
1.700000e-07	-7.578213e-06	-1.707330e-08	-5.389586e+01	-1.118855e+03
1.800000e-07	-7.529471e-06	-1.703554e-08	-5.354920e+01	-1.115872e+03
1.900000e-07	-7.477733e-06	-1.698785e-08	-5.318125e+01	-1.112684e+03
2.000000e-07	-7.423014e-06	-1.689280e-08	-5.279209e+01	-1.109269e+03
2.100000e-07	-7.365621e-06	-1.682497e-08	-5.238391e+01	-1.105607e+03
2.200000e-07	-7.305592e-06	-1.675650e-08	-5.195699e+01	-1.101682e+03
2.300000e-07	-7.242914e-06	-1.671973e-08	-5.151123e+01	-1.097482e+03
2.400000e-07	-7.177464e-06	-1.664133e-08	-5.104575e+01	-1.092998e+03
2.500000e-07	-7.109250e-06	-1.657623e-08	-5.056062e+01	-1.088227e+03
2.600000e-07	-7.038379e-06	-1.652468e-08	-5.005659e+01	-1.083174e+03
2.700000e-07	-6.964762e-06	-1.643076e-08	-4.953303e+01	-1.077845e+03
2.800000e-07	-6.888385e-06	-1.632400e-08	-4.898984e+01	-1.072252e+03
2.900000e-07	-6.809233e-06	-1.623679e-08	-4.842691e+01	-1.066409e+03
3.000000e-07	-6.727420e-06	-1.615669e-08	-4.784506e+01	-1.060330e+03
3.100000e-07	-6.643285e-06	-1.604478e-08	-4.724670e+01	-1.054029e+03
3.200000e-07	-6.556914e-06	-1.595312e-08	-4.663243e+01	-1.047516e+03
3.300000e-07	-6.468147e-06	-1.586777e-08	-4.600113e+01	-1.040799e+03
3.400000e-07	-6.377001e-06	-1.575567e-08	-4.535290e+01	-1.033879e+03
3.500000e-07	-6.283685e-06	-1.563522e-08	-4.468924e+01	-1.026753e+03
3.600000e-07	-6.188120e-06	-1.552217e-08	-4.400959e+01	-1.019412e+03
3.700000e-07	-6.090185e-06	-1.541423e-08	-4.331308e+01	-1.011844e+03
3.800000e-07	-5.990019e-06	-1.528716e-08	-4.260070e+01	-1.004034e+03
3.900000e-07	-5.887750e-06	-1.516264e-08	-4.187337e+01	-9.959663e+02
4.000000e-07	-5.783385e-06	-1.504650e-08	-4.113113e+01	-9.876255e+02
4.100000e-07	-5.676975e-06	-1.491416e-08	-4.037435e+01	-9.790001e+02
4.200000e-07	-5.568538e-06	-1.475983e-08	-3.960316e+01	-9.700821e+02
4.300000e-07	-5.458147e-06	-1.461780e-08	-3.881806e+01	-9.608681e+02
4.400000e-07	-5.345814e-06	-1.449015e-08	-3.801915e+01	-9.513589e+02
4.500000e-07	-5.231419e-06	-1.434308e-08	-3.720558e+01	-9.415585e+02
4.600000e-07	-5.114958e-06	-1.418438e-08	-3.637731e+01	-9.314726e+02
4.700000e-07	-4.996589e-06	-1.403473e-08	-3.553548e+01	-9.211069e+02
4.800000e-07	-4.876377e-06	-1.387486e-08	-3.468054e+01	-9.104647e+02
4.900000e-07	-4.754405e-06	-1.369616e-08	-3.381309e+01	-8.995451e+02
5.000000e-07	-4.630724e-06	-1.352108e-08	-3.293347e+01	-8.883422e+02
5.100000e-07	-4.505367e-06	-1.334777e-08	-3.204194e+01	-8.768444e+02
5.200000e-07	-4.378430e-06	-1.316587e-08	-3.113917e+01	-8.650345e+02
5.300000e-07	-4.249826e-06	-1.298019e-08	-3.022454e+01	-8.528915e+02
5.400000e-07	-4.119680e-06	-1.279417e-08	-2.929895e+01	-8.403924e+02
5.500000e-07	-3.987962e-06	-1.259657e-08	-2.836218e+01	-8.275144e+02
5.600000e-07	-3.854719e-06	-1.238482e-08	-2.741456e+01	-8.142373e+02
5.700000e-07	-3.720057e-06	-1.217116e-08	-2.645685e+01	-8.005455e+02
5.800000e-07	-3.583862e-06	-1.195766e-08	-2.548824e+01	-7.864295e+02
5.900000e-07	-3.446298e-06	-1.173407e-08	-2.450989e+01	-7.718857e+02
6.000000e-07	-3.307493e-06	-1.150640e-08	-2.352272e+01	-7.569160e+02
6.100000e-07	-3.167226e-06	-1.127772e-08	-2.252514e+01	-7.415259e+02
6.200000e-07	-3.025442e-06	-1.103824e-08	-2.151678e+01	-7.257215e+02
6.300000e-07	-2.882477e-06	-1.078928e-08	-2.050003e+01	-7.095071e+02
6.400000e-07	-2.738582e-06	-1.053731e-08	-1.947666e+01	-6.928816e+02
6.500000e-07	-2.593660e-06	-1.027980e-08	-1.844597e+01	-6.758367e+02
6.600000e-07	-2.447682e-06	-1.001023e-08	-1.740778e+01	-6.583550e+02
6.700000e-07	-2.300949e-06	-9.733775e-09	-1.636423e+01	-6.404098e+02
6.800000e-07	-2.153557e-06	-9.450361e-09	-1.531599e+01	-6.219671e+02
6.900000e-07	-2.005379e-06	-9.155223e-09	-1.426215e+01	-6.029869e+02
7.000000e-07	-1.856517e-06	-8.849747e-09	-1.320345e+01	-5.834277e+02
7.100000e-07	-1.707164e-06	-8.540397e-09	-1.214126e+01	-5.632497e+02
7.200000e-07	-1.557335e-06	-8.225468e-09	-1.107569e+01	-5.424183e+02
7.300000e-07	-1.407025e-06	-7.898659e-09	-1.000669e+01	-5.209070e+02
7.400000e-07	-1.256215e-06	-7.562051e-09	-8.934138e+00	-4.986982e+02
7.500000e-07	-1.104888e-06	-7.215708e-09	-7.857904e+00	-4.757831e+02
7.600000e-07	-9.531273e-07	-6.859111e-09	-6.778592e+00	-4.521582e+02
7.700000e-07	-8.010499e-07	-6.490010e-09	-5.697025e+00	-4.278218e+02
7.800000e-07	-6.487386e-07	-6.109250e-09	-4.613795e+00	-4.027675e+02
7.900000e-07	-4.961973e-07	-5.715974e-09	-3.528930e+00	-3.769791e+02
8.000000e-07	-3.434910e-07	-5.307972e-09	-2.442891e+00	-3.504239e+02
8.100000e-07	-1.905913e-07	-4.886056e-09	-1.355475e+00	-3.230495e+02
8.200000e-07	-3.751553e-08	-4.450502e-09	-2.668085e-01	-2.947820e+02
8.300000e-07	1.156063e-07	-4.000953e-09	8.221862e-01	-2.655270e+02
8.400000e-07	2.686688e-07	-3.537136e-09	1.910759e+00	-2.351756e+02
8.500000e-07	4.216222e-07	-3.057721e-09	2.998555e+00	-2.036120e+02
8.600000e-07	5.744287e-07	-2.557976e-09	4.085307e+00	-1.707256e+02
8.700000e-07	7.270520e-07	-2.036625e-09	5.170756e+00	-1.364242e+02
8.800000e-07	8.795257e-07	-1.495782e-09	6.255141e+00	-1.006478e+02
8.900000e-07	1.031760e-06	-9.345206e-10	7.337826e+00	-6.338257e+01
9.000000e-07	1.183669e-06	-3.494827e-10	8.418190e+00	-2.467100e+01
9.100000e-07	1.335109e-06	2.561278e-10	9.495223e+00	1.538034e+01
9.200000e-07	1.485931e-06	8.813830e-10	1.056786e+01	5.659859e+01
9.300000e-07	1.636143e-06	1.523187e-09	1.163616e+01	9.874752e+01
9.400000e-07	1.785762e-06	2.175692e-09	1.270025e+01	1.415359e+02
9.500000e-07	1.934816e-06	2.834533e-09	1.376031e+01	1.846308e+02
9.600000e-07	2.083245e-06	3.493597e-09	1.481593e+01	2.276745e+02
9.700000e-07	2.230906e-06	4.148513e-09	1.586609e+01	2.703041e+02
9.800000e-07	2.377700e-06	4.789614e-09	1.691008e+01	3.121711e+02
9.900000e-07	2.523600e-06	5.409089e-09	1.794771e+01	3.529605e+02
1.000000e-06	2.668530e-06	6.002627e-09	1.897844e+01	3.924058e+02
1.010000e-06	2.812393e-06	6.571568e-09	2.000159e+01	4.303015e+02
1.020000e-06	2.955226e-06	7.117117e-09	2.101741e+01	4.665082e+02
1.030000e-06	3.097011e-06	7.635100e-09	2.202578e+01	5.009542e+02
1.040000e-06	3.237617e-06	8.128345e-09	2.302577e+01	5.336303e+02
1.050000e-06	3.376875e-06	8.598055e-09	2.401616e+01	5.645813e+02
1.060000e-06	3.514699e-06	9.042948e-09	2.499636e+01	5.938935e+02
1.070000e-06	3.651145e-06	9.466212e-09	2.596676e+01	6.216809e+02
1.080000e-06	3.786206e-06	9.871367e-09	2.692730e+01	6.480705e+02
1.090000e-06	3.919908e-06	1.025838e-08	2.787818e+01	6.731899e+02
1.100000e-06	4.052338e-06	1.062493e-08	2.882002e+01	6.971566e+02
1.110000e-06	4.183281e-06	1.097270e-08	2.975128e+01	7.200703e+02
1.120000e-06	4.312642e-06	1.130355e-08	3.067129e+01	7.420099e+02
1.130000e-06	4.440514e-06	1.162138e-08	3.158070e+01	7.630331e+02
1.140000e-06	4.566829e-06	1.192620e-08	3.247905e+01	7.831786e+02
1.150000e-06	4.691643e-06	1.221706e-08	3.336672e+01	8.024721e+02
1.160000e-06	4.814871e-06	1.249508e-08	3.424311e+01	8.209312e+02
1.170000e-06	4.936390e-06	1.275940e-08	3.510735e+01	8.385719e+02
1.180000e-06	5.056169e-06	1.301221e-08	3.595921e+01	8.554138e+02
1.190000e-06	5.174118e-06	1.325586e-08	3.679806e+01	8.714833e+02
1.200000e-06	5.290078e-06	1.349011e-08	3.762276e+01	8.868153e+02
1.210000e-06	5.403923e-06	1.371346e-08	3.843242e+01	9.014528e+02
1.220000e-06	5.515705e-06	1.392665e-08	3.922741e+01	9.154443e+02
1.230000e-06	5.625542e-06	1.413109e-08	4.000856e+01	9.288406e+02
1.240000e-06	5.733461e-06	1.432540e-08	4.077608e+01	9.416904e+02
1.250000e-06	5.839263e-06	1.451184e-08	4.152854e+01	9.540367e+02
1.260000e-06	5.942876e-06	1.469192e-08	4.226543e+01	9.659133e+02
1.270000e-06	6.044367e-06	1.486277e-08	4.298723e+01	9.773433e+02
1.280000e-06	6.143612e-06	1.502700e-08	4.369305e+01	9.883384e+02
1.290000e-06	6.240447e-06	1.518623e-08	4.438173e+01	9.989006e+02
1.300000e-06	6.334989e-06	1.534057e-08	4.505411e+01	1.009025e+03
1.310000e-06	6.427361e-06	1.548886e-08	4.571106e+01	1.018701e+03
1.320000e-06	6.517385e-06	1.563007e-08	4.635130e+01	1.027922e+03
1.330000e-06	6.604989e-06	1.576501e-08	4.697434e+01	1.036682e+03
1.340000e-06	6.690315e-06	1.589249e-08	4.758117e+01	1.044981e+03
1.350000e-06	6.773447e-06	1.601229e-08	4.817240e+01	1.052830e+03
1.360000e-06	6.854157e-06	1.612716e-08	4.874641e+01	1.060248e+03
1.370000e-06	6.932271e-06	1.623687e-08	4.930195e+01	1.067259e+03
1.380000e-06	7.007758e-06	1.633830e-08	4.983881e+01	1.073895e+03
1.390000e-06	7.080584e-06	1.643196e-08	5.035674e+01	1.080189e+03
1.400000e-06	7.150896e-06	1.652091e-08	5.085680e+01	1.086172e+03
1.410000e-06	7.218680e-06	1.660542e-08	5.133888e+01	1.091873e+03
1.420000e-06	7.283806e-06	1.668613e-08	5.180205e+01	1.097312e+03
1.430000e-06	7.346354e-06	1.676479e-08	5.224689e+01	1.102503e+03
1.440000e-06	7.406487e-06	1.684171e-08	5.267455e+01	1.107448e+03
1.450000e-06	7.464071e-06	1.691526e-08	5.308408e+01	1.112144e+03
1.460000e-06	7.518965e-06	1.698384e-08	5.347449e+01	1.116582e+03
1.470000e-06	7.570998e-06	1.704661e-08	5.384454e+01	1.120748e+03
1.480000e-06	7.619920e-06	1.710304e-08	5.419247e+01	1.124628e+03
1.490000e-06	7.665975e-06	1.715411e-08	5.452001e+01	1.128211e+03
1.500000e-06	7.709329e-06	1.720148e-08	5.482835e+01	1.131491e+03
1.510000e-06	7.749843e-06	1.724631e-08	5.511648e+01	1.134465e+03
1.520000e-06	7.787611e-06	1.728817e-08	5.538509e+01	1.137139e+03
1.530000e-06	7.822742e-06	1.732602e-08	5.563494e+01	1.139525e+03
1.540000e-06	7.855064e-06	1.735915e-08	5.586481e+01	1.141640e+03
1.550000e-06	7.884624e-06	1.738796e-08	5.607504e+01	1.143501e+03
1.560000e-06	7.911392e-06	1.741346e-08	5.626541e+01	1.145130e+03
1.570000e-06	7.935176e-06	1.743513e-08	5.643456e+01	1.146543e+03
1.580000e-06	7.956159e-06	1.745225e-08	5.658379e+01	1.147755e+03
1.590000e-06	7.974420e-06	1.746519e-08	5.671366e+01	1.148778e+03
1.600000e-06	7.989695e-06	1.747623e-08	5.682230e+01	1.149614e+03
1.610000e-06	8.001817e-06	1.748568e-08	5.690850e+01	1.150266e+03
1.620000e-06	8.010779e-06	1.749153e-08	5.697224e+01	1.150727e+03
1.630000e-06	8.016803e-06	1.749543e-08	5.701509e+01	1.150992e+03
1.640000e-06	8.020065e-06	1.749928e-08	5.703829e+01	1.151053e+03
1.650000e-06	8.020517e-06	1.749986e-08	5.704150e+01	1.150904e+03
1.660000e-06	8.018293e-06	1.749355e-08	5.702569e+01	1.150540e+03
1.670000e-06	8.013408e-06	1.748529e-08	5.699094e+01	1.149962e+03
1.680000e-06	8.005818e-06	1.747515e-08	5.693696e+01	1.149173e+03
1.690000e-06	7.995529e-06	1.746056e-08	5.686379e+01	1.148180e+03
1.700000e-06	7.982336e-06	1.744307e-08	5.676996e+01	1.146998e+03
1.710000e-06	7.966428e-06	1.742577e-08	5.665683e+01	1.145639e+03
1.720000e-06	7.948228e-06	1.740824e-08	5.652739e+01	1.144120e+03
1.730000e-06	7.927708e-06	1.734860e-08	5.638145e+01	1.142459e+03
1.740000e-06	7.904332e-06	1.730193e-08	5.621520e+01	1.140669e+03
1.750000e-06	7.877455e-06	1.729857e-08	5.602406e+01	1.138764e+03
1.760000e-06	7.846984e-06	1.728415e-08	5.580734e+01	1.136751e+03
1.770000e-06	7.813564e-06	1.724863e-08	5.556967e+01	1.134635e+03
1.780000e-06	7.777756e-06	1.723649e-08	5.531500e+01	1.132413e+03
1.790000e-06	7.739642e-06	1.720490e-08	5.504393e+01	1.130081e+03
1.800000e-06	7.699451e-06	1.712052e-08	5.475810e+01	1.127628e+03
1.810000e-06	7.657012e-06	1.712866e-08	5.445627e+01	1.125037e+03
1.820000e-06	7.611914e-06	1.709313e-08	5.413554e+01	1.122291e+03
1.830000e-06	7.564191e-06	1.706888e-08	5.379614e+01	1.119369e+03
1.840000e-06	7.513602e-06	1.707307e-08	5.343635e+01	1.116249e+03
1.850000e-06	7.459995e-06	1.700958e-08	5.305510e+01	1.112908e+03
1.860000e-06	7.403582e-06	1.700031e-08	5.265389e+01	1.109327e+03
1.870000e-06	7.344489e-06	1.689593e-08	5.223363e+01	1.105488e+03
1.880000e-06	7.282777e-06	1.681253e-08	5.179473e+01	1.101376e+03
1.890000e-06	7.218305e-06	1.676984e-08	5.133621e+01	1.096983e+03
1.900000e-06	7.151081e-06	1.665106e-08	5.085812e+01	1.092305e+03
1.910000e-06	7.081046e-06	1.659488e-08	5.036003e+01	1.087341e+03
1.920000e-06	7.008178e-06	1.653326e-08	4.984180e+01	1.082099e+03
1.930000e-06	6.932593e-06	1.645742e-08	4.930424e+01	1.076589e+03
1.940000e-06	6.854210e-06	1.635716e-08	4.874679e+01	1.070824e+03
1.950000e-06	6.773248e-06	1.627103e-08	4.817099e+01	1.064819e+03
1.960000e-06	6.689864e-06	1.619798e-08	4.757796e+01	1.058587e+03
1.970000e-06	6.603991e-06	1.606900e-08	4.696724e+01	1.052141e+03
1.980000e-06	6.515633e-06	1.596799e-08	4.633884e+01	1.045488e+03
1.990000e-06	6.425003e-06	1.587419e-08	4.569429e+01	1.038633e+03
2.000000e-06	6.332188e-06	1.577652e-08	4.503420e+01	1.031574e+03
2.010000e-06	6.237016e-06	1.565235e-08	4.435734e+01	1.024303e+03
2.020000e-06	6.139598e-06	1.554652e-08	4.366451e+01	1.016809e+03
2.030000e-06	6.040006e-06	1.543670e-08	4.295621e+01	1.009078e+03
2.040000e-06	5.938248e-06	1.529904e-08	4.223251e+01	1.001094e+03
2.050000e-06	5.834341e-06	1.516425e-08	4.149353e+01	9.928414e+02
2.060000e-06	5.728410e-06	1.504152e-08	4.074015e+01	9.843080e+02
2.070000e-06	5.620590e-06	1.492329e-08	3.997335e+01	9.754842e+02
2.080000e-06	5.510818e-06	1.476827e-08	3.919265e+01	9.663649e+02
2.090000e-06	5.398973e-06	1.462388e-08	3.839722e+01	9.569497e+02
2.100000e-06	5.285076e-06	1.447878e-08	3.758719e+01	9.472417e+02
2.110000e-06	5.169244e-06	1.432119e-08	3.676339e+01	9.372464e+02
2.120000e-06	5.051453e-06	1.416701e-08	3.592567e+01	9.269696e+02
2.130000e-06	4.931648e-06	1.402670e-08	3.507363e+01	9.164156e+02
2.140000e-06	4.809981e-06	1.387073e-08	3.420834e+01	9.055850e+02
2.150000e-06	4.686620e-06	1.369300e-08	3.333100e+01	8.944736e+02
2.160000e-06	4.561569e-06	1.351052e-08	3.244164e+01	8.830716e+02
2.170000e-06	4.434867e-06	1.332708e-08	3.154055e+01	8.713636e+02
2.180000e-06	4.306504e-06	1.313966e-08	3.062763e+01	8.593296e+02
2.190000e-06	4.176579e-06	1.294479e-08	2.970361e+01	8.469470e+02
2.200000e-06	4.045146e-06	1.275885e-08	2.876887e+01	8.341926e+02
2.210000e-06	3.912204e-06	1.256496e-08	2.782339e+01	8.210452e+02
2.220000e-06	3.777887e-06	1.236157e-08	2.686814e+01	8.074875e+02
2.230000e-06	3.642074e-06	1.215470e-08	2.590224e+01	7.935079e+02
2.240000e-06	3.504781e-06	1.193946e-08	2.492582e+01	7.791011e+02
2.250000e-06	3.366188e-06	1.170946e-08	2.394016e+01	7.642673e+02
2.260000e-06	3.226276e-06	1.147407e-08	2.294511e+01	7.490110e+02
2.270000e-06	3.085103e-06	1.123763e-08	2.194109e+01	7.333386e+02
2.280000e-06	2.942751e-06	1.099475e-08	2.092869e+01	7.172553e+02
2.290000e-06	2.799265e-06	1.074197e-08	1.990823e+01	7.007619e+02
2.300000e-06	2.654732e-06	1.048017e-08	1.888031e+01	6.838528e+02
2.310000e-06	2.509350e-06	1.021310e-08	1.784637e+01	6.665133e+02
2.320000e-06	2.363162e-06	9.940447e-09	1.680669e+01	6.487200e+02
2.330000e-06	2.216121e-06	9.666825e-09	1.576093e+01	6.304407e+02
2.340000e-06	2.068312e-06	9.388725e-09	1.470973e+01	6.116373e+02
2.350000e-06	1.919790e-06	9.094563e-09	1.365344e+01	5.922682e+02
2.360000e-06	1.770612e-06	8.785494e-09	1.259250e+01	5.722926e+02
2.370000e-06	1.620905e-06	8.467251e-09	1.152779e+01	5.516740e+02
2.380000e-06	1.470728e-06	8.141264e-09	1.045974e+01	5.303830e+02
2.390000e-06	1.320096e-06	7.806758e-09	9.388453e+00	5.083992e+02
2.400000e-06	1.169081e-06	7.462253e-09	8.314445e+00	4.857111e+02
2.410000e-06	1.017631e-06	7.108749e-09	7.237337e+00	4.623140e+02
2.420000e-06	8.656800e-07	6.744576e-09	6.156671e+00	4.382061e+02
2.430000e-06	7.133409e-07	6.369173e-09	5.073244e+00	4.133832e+02
2.440000e-06	5.607633e-07	5.983194e-09	3.988120e+00	3.878329e+02
2.450000e-06	4.079856e-07	5.582486e-09	2.901572e+00	3.615283e+02
2.460000e-06	2.550373e-07	5.164774e-09	1.813812e+00	3.344237e+02
2.470000e-06	1.020020e-07	4.732151e-09	7.254333e-01	3.064521e+02
2.480000e-06	-5.111416e-08	4.287368e-09	-3.635212e-01	2.775253e+02
2.490000e-06	-2.042510e-07	3.829462e-09	-1.452622e+00	2.475382e+02
2.500000e-06	-3.573014e-07	3.353410e-09	-2.541109e+00	2.163763e+02
2.510000e-06	-5.102250e-07	2.856859e-09	-3.628694e+00	1.839258e+02
2.520000e-06	-6.630357e-07	2.339164e-09	-4.715475e+00	1.500870e+02
2.530000e-06	-8.156408e-07	1.801355e-09	-5.800795e+00	1.147881e+02
2.540000e-06	-9.679003e-07	1.244333e-09	-6.883657e+00	7.799917e+01
2.550000e-06	-1.119772e-06	6.647997e-10	-7.963763e+00	3.974347e+01
2.560000e-06	-1.271218e-06	6.031072e-11	-9.040835e+00	1.065423e-01
2.570000e-06	-1.422109e-06	-5.664976e-10	-1.011397e+01	-4.076002e+01
2.580000e-06	-1.572426e-06	-1.210859e-09	-1.118301e+01	-8.263969e+01
2.590000e-06	-1.722221e-06	-1.866663e-09	-1.224835e+01	-1.252577e+02
2.600000e-06	-1.871468e-06	-2.527946e-09	-1.330979e+01	-1.682928e+02
2.610000e-06	-2.020112e-06	-3.190598e-09	-1.436693e+01	-2.113933e+02
2.620000e-06	-2.168021e-06	-3.849340e-09	-1.541885e+01	-2.541956e+02
2.630000e-06	-2.315044e-06	-4.496104e-09	-1.646447e+01	-2.963446e+02
2.640000e-06	-2.461115e-06	-5.126203e-09	-1.750332e+01	-3.375126e+02
2.650000e-06	-2.606264e-06	-5.736429e-09	-1.853562e+01	-3.774160e+02
2.660000e-06	-2.750493e-06	-6.323695e-09	-1.956136e+01	-4.158288e+02
2.670000e-06	-2.893676e-06	-6.886544e-09	-2.057967e+01	-4.525900e+02
2.680000e-06	-3.035643e-06	-7.422327e-09	-2.158933e+01	-4.876063e+02
2.690000e-06	-3.176357e-06	-7.929022e-09	-2.259008e+01	-5.208493e+02
2.700000e-06	-3.315853e-06	-8.407829e-09	-2.358218e+01	-5.523477e+02
2.710000e-06	-3.454090e-06	-8.863034e-09	-2.456531e+01	-5.821758e+02
2.720000e-06	-3.591030e-06	-9.296187e-09	-2.553922e+01	-6.104403e+02
2.730000e-06	-3.726639e-06	-9.709267e-09	-2.650366e+01	-6.372657e+02
2.740000e-06	-3.860826e-06	-1.010610e-08	-2.745799e+01	-6.627805e+02
2.750000e-06	-3.993665e-06	-1.048565e-08	-2.840274e+01	-6.871064e+02
2.760000e-06	-4.125100e-06	-1.084508e-08	-2.933750e+01	-7.103494e+02
2.770000e-06	-4.255092e-06	-1.118570e-08	-3.026199e+01	-7.325955e+02
2.780000e-06	-4.383707e-06	-1.151022e-08	-3.117669e+01	-7.539086e+02
2.790000e-06	-4.510792e-06	-1.182104e-08	-3.208052e+01	-7.743335e+02
2.800000e-06	-4.636260e-06	-1.211912e-08	-3.297284e+01	-7.938993e+02
2.810000e-06	-4.760121e-06	-1.240526e-08	-3.385373e+01	-8.126254e+02
2.820000e-06	-4.882281e-06	-1.267791e-08	-3.472253e+01	-8.305278e+02
2.830000e-06	-5.002690e-06	-1.293692e-08	-3.557887e+01	-8.476245e+02
2.840000e-06	-5.121241e-06	-1.318641e-08	-3.642200e+01	-8.639395e+02
2.850000e-06	-5.237743e-06	-1.342686e-08	-3.725056e+01	-8.795048e+02
2.860000e-06	-5.352106e-06	-1.365822e-08	-3.806390e+01	-8.943610e+02
2.870000e-06	-5.464266e-06	-1.388041e-08	-3.886158e+01	-9.085551e+02
2.880000e-06	-5.574320e-06	-1.409235e-08	-3.964427e+01	-9.221378e+02
2.890000e-06	-5.682427e-06	-1.429552e-08	-4.041313e+01	-9.351587e+02
2.900000e-06	-5.788630e-06	-1.448940e-08	-4.116844e+01	-9.476632e+02
2.910000e-06	-5.892763e-06	-1.467375e-08	-4.190903e+01	-9.596883e+02
2.920000e-06	-5.994653e-06	-1.484996e-08	-4.263366e+01	-9.712606e+02
2.930000e-06	-6.094339e-06	-1.501884e-08	-4.334262e+01	-9.823954e+02
2.940000e-06	-6.191896e-06	-1.518153e-08	-4.403645e+01	-9.930976e+02
2.950000e-06	-6.287251e-06	-1.533766e-08	-4.471460e+01	-1.003364e+03
2.960000e-06	-6.380264e-06	-1.548713e-08	-4.537611e+01	-1.013186e+03
2.970000e-06	-6.470990e-06	-1.562883e-08	-4.602134e+01	-1.022555e+03
2.980000e-06	-6.559498e-06	-1.576220e-08	-4.665081e+01	-1.031463e+03
2.990000e-06	-6.645647e-06	-1.588774e-08	-4.726350e+01	-1.039910e+03
3.000000e-06	-6.729360e-06	-1.600714e-08	-4.785886e+01	-1.047904e+03
3.010000e-06	-6.810703e-06	-1.612208e-08	-4.843736e+01	-1.055458e+03
3.020000e-06	-6.889532e-06	-1.623304e-08	-4.899800e+01	-1.062597e+03
3.030000e-06	-6.965608e-06	-1.633895e-08	-4.953904e+01	-1.069351e+03
3.040000e-06	-7.039066e-06	-1.643956e-08	-5.006147e+01	-1.075751e+03
3.050000e-06	-7.110037e-06	-1.653534e-08	-5.056622e+01	-1.081832e+03
3.060000e-06	-7.178463e-06	-1.662614e-08	-5.105286e+01	-1.087621e+03
3.070000e-06	-7.244390e-06	-1.671155e-08	-5.152172e+01	-1.093143e+03
3.080000e-06	-7.307791e-06	-1.679199e-08	-5.197263e+01	-1.098413e+03
3.090000e-06	-7.368610e-06	-1.686793e-08	-5.240518e+01	-1.103438e+03
3.100000e-06	-7.426804e-06	-1.693914e-08	-5.281905e+01	-1.108216e+03
3.110000e-06	-7.482316e-06	-1.700522e-08	-5.321384e+01	-1.112739e+03
3.120000e-06	-7.534962e-06	-1.706871e-08	-5.358826e+01	-1.116994e+03
3.130000e-06	-7.584524e-06	-1.713040e-08	-5.394074e+01	-1.120968e+03
3.140000e-06	-7.631065e-06	-1.718951e-08	-5.427174e+01	-1.124648e+03
3.150000e-06	-7.674977e-06	-1.724419e-08	-5.458404e+01	-1.128026e+03
3.160000e-06	-7.716448e-06	-1.729302e-08	-5.487898e+01	-1.131098e+03
3.170000e-06	-7.755212e-06	-1.733718e-08	-5.515466e+01	-1.133869e+03
3.180000e-06	-7.791205e-06	-1.737686e-08	-5.541065e+01	-1.136347e+03
3.190000e-06	-7.824482e-06	-1.741163e-08	-5.564731e+01	-1.138547e+03
3.200000e-06	-7.854916e-06	-1.744188e-08	-5.586375e+01	-1.140488e+03
3.210000e-06	-7.882472e-06	-1.746840e-08	-5.605973e+01	-1.142190e+03
3.220000e-06	-7.907328e-06	-1.749219e-08	-5.623651e+01	-1.143671e+03
3.230000e-06	-7.929350e-06	-1.751397e-08	-5.639313e+01	-1.144947e+03
3.240000e-06	-7.948447e-06	-1.753160e-08	-5.652894e+01	-1.146031e+03
3.250000e-06	-7.964721e-06	-1.754494e-08	-5.664468e+01	-1.146927e+03
3.260000e-06	-7.977869e-06	-1.755399e-08	-5.673819e+01	-1.147639e+03
3.270000e-06	-7.987904e-06	-1.755987e-08	-5.680956e+01	-1.148162e+03
3.280000e-06	-7.995048e-06	-1.756288e-08	-5.686037e+01	-1.148492e+03
3.290000e-06	-7.999336e-06	-1.756279e-08	-5.689087e+01	-1.148620e+03
3.300000e-06	-8.000860e-06	-1.755899e-08	-5.690170e+01	-1.148540e+03
