# Temperatura_=_30.66
# Concentracion g/m^3_=_15000.0
# C_Vs_to_Am_M_A/Vsm_=_65563218390.804596
# pendiente_HvsI_1/m_=_3716.3
# ordenada_HvsI_A/m_=_1297.0
# frecuencia_Hz_=_302444.65541018284

Tiempo_(s)	Campo_(V.s)	Magnetizacion_(V.s)	Campo_(kA/m)	Magnetizacion_(A/m)
0.000000e+00	-8.010614e-06	-1.604032e-08	-5.689911e+01	-1.048935e+03
1.000000e-08	-8.007533e-06	-1.603911e-08	-5.687723e+01	-1.048556e+03
2.000000e-08	-8.001817e-06	-1.603192e-08	-5.683663e+01	-1.047978e+03
3.000000e-08	-7.993501e-06	-1.602106e-08	-5.677756e+01	-1.047209e+03
4.000000e-08	-7.982374e-06	-1.601029e-08	-5.669852e+01	-1.046267e+03
5.000000e-08	-7.968273e-06	-1.599518e-08	-5.659837e+01	-1.045170e+03
6.000000e-08	-7.951275e-06	-1.597190e-08	-5.647763e+01	-1.043941e+03
7.000000e-08	-7.931878e-06	-1.594588e-08	-5.633985e+01	-1.042601e+03
8.000000e-08	-7.910138e-06	-1.593896e-08	-5.618543e+01	-1.041168e+03
9.000000e-08	-7.885429e-06	-1.594084e-08	-5.600992e+01	-1.039657e+03
1.000000e-07	-7.857454e-06	-1.591350e-08	-5.581122e+01	-1.038073e+03
1.100000e-07	-7.826461e-06	-1.587043e-08	-5.559108e+01	-1.036417e+03
1.200000e-07	-7.792677e-06	-1.582998e-08	-5.535111e+01	-1.034683e+03
1.300000e-07	-7.756246e-06	-1.577241e-08	-5.509234e+01	-1.032858e+03
1.400000e-07	-7.717482e-06	-1.569412e-08	-5.481701e+01	-1.030926e+03
1.500000e-07	-7.676601e-06	-1.567351e-08	-5.452663e+01	-1.028865e+03
1.600000e-07	-7.633292e-06	-1.570890e-08	-5.421901e+01	-1.026656e+03
1.700000e-07	-7.587206e-06	-1.565997e-08	-5.389166e+01	-1.024277e+03
1.800000e-07	-7.538353e-06	-1.557785e-08	-5.354466e+01	-1.021710e+03
1.900000e-07	-7.486456e-06	-1.552093e-08	-5.317604e+01	-1.018940e+03
2.000000e-07	-7.431585e-06	-1.546178e-08	-5.278629e+01	-1.015954e+03
2.100000e-07	-7.374074e-06	-1.542311e-08	-5.237779e+01	-1.012743e+03
2.200000e-07	-7.313912e-06	-1.540435e-08	-5.195046e+01	-1.009302e+03
2.300000e-07	-7.251176e-06	-1.536355e-08	-5.150485e+01	-1.005630e+03
2.400000e-07	-7.185738e-06	-1.524174e-08	-5.104004e+01	-1.001726e+03
2.500000e-07	-7.117505e-06	-1.515173e-08	-5.055539e+01	-9.975921e+02
2.600000e-07	-7.046563e-06	-1.513925e-08	-5.005149e+01	-9.932327e+02
2.700000e-07	-6.972864e-06	-1.508858e-08	-4.952801e+01	-9.886521e+02
2.800000e-07	-6.896330e-06	-1.498745e-08	-4.898439e+01	-9.838557e+02
2.900000e-07	-6.816942e-06	-1.489251e-08	-4.842050e+01	-9.788490e+02
3.000000e-07	-6.734915e-06	-1.480663e-08	-4.783786e+01	-9.736375e+02
3.100000e-07	-6.650608e-06	-1.471773e-08	-4.723904e+01	-9.682263e+02
3.200000e-07	-6.564101e-06	-1.465974e-08	-4.662458e+01	-9.626193e+02
3.300000e-07	-6.475209e-06	-1.459821e-08	-4.599318e+01	-9.568188e+02
3.400000e-07	-6.383901e-06	-1.448918e-08	-4.534463e+01	-9.508256e+02
3.500000e-07	-6.290323e-06	-1.437466e-08	-4.467995e+01	-9.446375e+02
3.600000e-07	-6.194501e-06	-1.428272e-08	-4.399933e+01	-9.382504e+02
3.700000e-07	-6.096386e-06	-1.419614e-08	-4.330242e+01	-9.316571e+02
3.800000e-07	-5.996060e-06	-1.409607e-08	-4.258981e+01	-9.248488e+02
3.900000e-07	-5.893613e-06	-1.398869e-08	-4.186213e+01	-9.178150e+02
4.000000e-07	-5.789138e-06	-1.386528e-08	-4.112004e+01	-9.105445e+02
4.100000e-07	-5.682610e-06	-1.373050e-08	-4.036338e+01	-9.030266e+02
4.200000e-07	-5.574031e-06	-1.361698e-08	-3.959215e+01	-8.952518e+02
4.300000e-07	-5.463454e-06	-1.352202e-08	-3.880672e+01	-8.872127e+02
4.400000e-07	-5.350896e-06	-1.339367e-08	-3.800723e+01	-8.789043e+02
4.500000e-07	-5.236314e-06	-1.323172e-08	-3.719336e+01	-8.703241e+02
4.600000e-07	-5.119673e-06	-1.309315e-08	-3.636486e+01	-8.614715e+02
4.700000e-07	-5.001122e-06	-1.297021e-08	-3.552280e+01	-8.523472e+02
4.800000e-07	-4.880771e-06	-1.283340e-08	-3.466795e+01	-8.429517e+02
4.900000e-07	-4.758605e-06	-1.269379e-08	-3.380020e+01	-8.332841e+02
5.000000e-07	-4.634656e-06	-1.254577e-08	-3.291980e+01	-8.233410e+02
5.100000e-07	-4.509080e-06	-1.237049e-08	-3.202784e+01	-8.131156e+02
5.200000e-07	-4.381892e-06	-1.219751e-08	-3.112442e+01	-8.025971e+02
5.300000e-07	-4.253129e-06	-1.205048e-08	-3.020983e+01	-7.917709e+02
5.400000e-07	-4.122759e-06	-1.189238e-08	-2.928381e+01	-7.806195e+02
5.500000e-07	-3.990832e-06	-1.169753e-08	-2.834674e+01	-7.691238e+02
5.600000e-07	-3.857463e-06	-1.150076e-08	-2.739943e+01	-7.572648e+02
5.700000e-07	-3.722525e-06	-1.132222e-08	-2.644097e+01	-7.450251e+02
5.800000e-07	-3.586164e-06	-1.113331e-08	-2.547240e+01	-7.323907e+02
5.900000e-07	-3.448508e-06	-1.093179e-08	-2.449463e+01	-7.193519e+02
6.000000e-07	-3.309427e-06	-1.073633e-08	-2.350675e+01	-7.059036e+02
6.100000e-07	-3.168879e-06	-1.052977e-08	-2.250844e+01	-6.920450e+02
6.200000e-07	-3.027000e-06	-1.029868e-08	-2.150067e+01	-6.777779e+02
6.300000e-07	-2.883979e-06	-1.006944e-08	-2.048480e+01	-6.631052e+02
6.400000e-07	-2.739808e-06	-9.851577e-09	-1.946076e+01	-6.480282e+02
6.500000e-07	-2.594564e-06	-9.616776e-09	-1.842910e+01	-6.325445e+02
6.600000e-07	-2.448449e-06	-9.359625e-09	-1.739125e+01	-6.166458e+02
6.700000e-07	-2.301548e-06	-9.105636e-09	-1.634781e+01	-6.003168e+02
6.800000e-07	-2.153879e-06	-8.854944e-09	-1.529893e+01	-5.835346e+02
6.900000e-07	-2.005550e-06	-8.591730e-09	-1.424535e+01	-5.662703e+02
7.000000e-07	-1.856643e-06	-8.318984e-09	-1.318767e+01	-5.484900e+02
7.100000e-07	-1.707146e-06	-8.043561e-09	-1.212580e+01	-5.301581e+02
7.200000e-07	-1.557083e-06	-7.756026e-09	-1.105991e+01	-5.112402e+02
7.300000e-07	-1.406497e-06	-7.453775e-09	-9.990302e+00	-4.917060e+02
7.400000e-07	-1.255373e-06	-7.147409e-09	-8.916869e+00	-4.715319e+02
7.500000e-07	-1.103762e-06	-6.836273e-09	-7.839982e+00	-4.507017e+02
7.600000e-07	-9.517688e-07	-6.510504e-09	-6.760380e+00	-4.292069e+02
7.700000e-07	-7.994691e-07	-6.169039e-09	-5.678601e+00	-4.070443e+02
7.800000e-07	-6.469472e-07	-5.817858e-09	-4.595243e+00	-3.842129e+02
7.900000e-07	-4.942166e-07	-5.459415e-09	-3.510403e+00	-3.607092e+02
8.000000e-07	-3.413411e-07	-5.091723e-09	-2.424534e+00	-3.365224e+02
8.100000e-07	-1.883610e-07	-4.711662e-09	-1.337922e+00	-3.116299e+02
8.200000e-07	-3.531858e-08	-4.317526e-09	-2.508666e-01	-2.859936e+02
8.300000e-07	1.177447e-07	-3.910857e-09	8.363368e-01	-2.595588e+02
8.400000e-07	2.708429e-07	-3.493250e-09	1.923788e+00	-2.322547e+02
8.500000e-07	4.238801e-07	-3.061470e-09	3.010806e+00	-2.039991e+02
8.600000e-07	5.767556e-07	-2.615237e-09	4.096675e+00	-1.747050e+02
8.700000e-07	7.294629e-07	-2.154925e-09	5.181350e+00	-1.442895e+02
8.800000e-07	8.819898e-07	-1.677514e-09	6.264743e+00	-1.126857e+02
8.900000e-07	1.034274e-06	-1.179730e-09	7.346415e+00	-7.985343e+01
9.000000e-07	1.186265e-06	-6.622012e-10	8.426001e+00	-4.579064e+01
9.100000e-07	1.337837e-06	-1.284463e-10	9.502608e+00	-1.054217e+01
9.200000e-07	1.488832e-06	4.211160e-10	1.057512e+01	2.579444e+01
9.300000e-07	1.639279e-06	9.867537e-10	1.164374e+01	6.306717e+01
9.400000e-07	1.789174e-06	1.565259e-09	1.270844e+01	1.010723e+02
9.500000e-07	1.938389e-06	2.151443e-09	1.376831e+01	1.395616e+02
9.600000e-07	2.086892e-06	2.742086e-09	1.482312e+01	1.782538e+02
9.700000e-07	2.234689e-06	3.332401e-09	1.587292e+01	2.168489e+02
9.800000e-07	2.381681e-06	3.913492e-09	1.691700e+01	2.550445e+02
9.900000e-07	2.527743e-06	4.481013e-09	1.795447e+01	2.925524e+02
1.000000e-06	2.672867e-06	5.033477e-09	1.898528e+01	3.291138e+02
1.010000e-06	2.817032e-06	5.569254e-09	2.000928e+01	3.645121e+02
1.020000e-06	2.960102e-06	6.083992e-09	2.102550e+01	3.985816e+02
1.030000e-06	3.102001e-06	6.575394e-09	2.203341e+01	4.312122e+02
1.040000e-06	3.242631e-06	7.047060e-09	2.303229e+01	4.623486e+02
1.050000e-06	3.381949e-06	7.496531e-09	2.402187e+01	4.919867e+02
1.060000e-06	3.519930e-06	7.922597e-09	2.500194e+01	5.201642e+02
1.070000e-06	3.656515e-06	8.329544e-09	2.597210e+01	5.469508e+02
1.080000e-06	3.791760e-06	8.719839e-09	2.693274e+01	5.724361e+02
1.090000e-06	3.925695e-06	9.091778e-09	2.788407e+01	5.967178e+02
1.100000e-06	4.058237e-06	9.445411e-09	2.882552e+01	6.198916e+02
1.110000e-06	4.189321e-06	9.783277e-09	2.975660e+01	6.420432e+02
1.120000e-06	4.318886e-06	1.010458e-08	3.067690e+01	6.632433e+02
1.130000e-06	4.446946e-06	1.041199e-08	3.158650e+01	6.835459e+02
1.140000e-06	4.573481e-06	1.070745e-08	3.248528e+01	7.029894e+02
1.150000e-06	4.698434e-06	1.099027e-08	3.337281e+01	7.215993e+02
1.160000e-06	4.821810e-06	1.125910e-08	3.424915e+01	7.393938e+02
1.170000e-06	4.943483e-06	1.151320e-08	3.511339e+01	7.563882e+02
1.180000e-06	5.063351e-06	1.175569e-08	3.596480e+01	7.726003e+02
1.190000e-06	5.181384e-06	1.198860e-08	3.680319e+01	7.880538e+02
1.200000e-06	5.297538e-06	1.221343e-08	3.762823e+01	8.027800e+02
1.210000e-06	5.411627e-06	1.242885e-08	3.843860e+01	8.168186e+02
1.220000e-06	5.523548e-06	1.263164e-08	3.923357e+01	8.302150e+02
1.230000e-06	5.633478e-06	1.282295e-08	4.001440e+01	8.430180e+02
1.240000e-06	5.741478e-06	1.300668e-08	4.078152e+01	8.552758e+02
1.250000e-06	5.847382e-06	1.318533e-08	4.153375e+01	8.670317e+02
1.260000e-06	5.951112e-06	1.335681e-08	4.227054e+01	8.783209e+02
1.270000e-06	6.052706e-06	1.352007e-08	4.299216e+01	8.891687e+02
1.280000e-06	6.152104e-06	1.367755e-08	4.369818e+01	8.995889e+02
1.290000e-06	6.249113e-06	1.382976e-08	4.438723e+01	9.095855e+02
1.300000e-06	6.343761e-06	1.397633e-08	4.505952e+01	9.191547e+02
1.310000e-06	6.436223e-06	1.411657e-08	4.571627e+01	9.282879e+02
1.320000e-06	6.526386e-06	1.424892e-08	4.635669e+01	9.369763e+02
1.330000e-06	6.614154e-06	1.437274e-08	4.698011e+01	9.452144e+02
1.340000e-06	6.699601e-06	1.449036e-08	4.758703e+01	9.530029e+02
1.350000e-06	6.782744e-06	1.460304e-08	4.817759e+01	9.603513e+02
1.360000e-06	6.863474e-06	1.470965e-08	4.875102e+01	9.672778e+02
1.370000e-06	6.941700e-06	1.481034e-08	4.930665e+01	9.738092e+02
1.380000e-06	7.017325e-06	1.490433e-08	4.984382e+01	9.799780e+02
1.390000e-06	7.090262e-06	1.499272e-08	5.036189e+01	9.858196e+02
1.400000e-06	7.160659e-06	1.507668e-08	5.086191e+01	9.913683e+02
1.410000e-06	7.228574e-06	1.515627e-08	5.134431e+01	9.966544e+02
1.420000e-06	7.293804e-06	1.523164e-08	5.180764e+01	1.001700e+03
1.430000e-06	7.356419e-06	1.530291e-08	5.225239e+01	1.006520e+03
1.440000e-06	7.416627e-06	1.537251e-08	5.268004e+01	1.011117e+03
1.450000e-06	7.474237e-06	1.544056e-08	5.308925e+01	1.015486e+03
1.460000e-06	7.529133e-06	1.550501e-08	5.347917e+01	1.019615e+03
1.470000e-06	7.581147e-06	1.556365e-08	5.384862e+01	1.023488e+03
1.480000e-06	7.630047e-06	1.561491e-08	5.419596e+01	1.027089e+03
1.490000e-06	7.676096e-06	1.566199e-08	5.452304e+01	1.030404e+03
1.500000e-06	7.719529e-06	1.570602e-08	5.483155e+01	1.033424e+03
1.510000e-06	7.760147e-06	1.574555e-08	5.512005e+01	1.036150e+03
1.520000e-06	7.797957e-06	1.578212e-08	5.538862e+01	1.038587e+03
1.530000e-06	7.833108e-06	1.581601e-08	5.563830e+01	1.040749e+03
1.540000e-06	7.865426e-06	1.584597e-08	5.586784e+01	1.042658e+03
1.550000e-06	7.894917e-06	1.587263e-08	5.607732e+01	1.044336e+03
1.560000e-06	7.921579e-06	1.589740e-08	5.626670e+01	1.045807e+03
1.570000e-06	7.945287e-06	1.591910e-08	5.643510e+01	1.047091e+03
1.580000e-06	7.966222e-06	1.593620e-08	5.658379e+01	1.048204e+03
1.590000e-06	7.984439e-06	1.594816e-08	5.671319e+01	1.049157e+03
1.600000e-06	7.999695e-06	1.595704e-08	5.682155e+01	1.049952e+03
1.610000e-06	8.011845e-06	1.596534e-08	5.690785e+01	1.050586e+03
1.620000e-06	8.020884e-06	1.597194e-08	5.697206e+01	1.051050e+03
1.630000e-06	8.026973e-06	1.597620e-08	5.701531e+01	1.051334e+03
1.640000e-06	8.030238e-06	1.597920e-08	5.703850e+01	1.051425e+03
1.650000e-06	8.030660e-06	1.597976e-08	5.704150e+01	1.051316e+03
1.660000e-06	8.028414e-06	1.597352e-08	5.702554e+01	1.051004e+03
1.670000e-06	8.023494e-06	1.596341e-08	5.699060e+01	1.050488e+03
1.680000e-06	8.015834e-06	1.595329e-08	5.693619e+01	1.049779e+03
1.690000e-06	8.005510e-06	1.594123e-08	5.686286e+01	1.048890e+03
1.700000e-06	7.992361e-06	1.592933e-08	5.676946e+01	1.047840e+03
1.710000e-06	7.976444e-06	1.591650e-08	5.665640e+01	1.046650e+03
1.720000e-06	7.958148e-06	1.589923e-08	5.652645e+01	1.045343e+03
1.730000e-06	7.937575e-06	1.585471e-08	5.638032e+01	1.043938e+03
1.740000e-06	7.914159e-06	1.581207e-08	5.621400e+01	1.042450e+03
1.750000e-06	7.887219e-06	1.580224e-08	5.602264e+01	1.040889e+03
1.760000e-06	7.856652e-06	1.578306e-08	5.580553e+01	1.039256e+03
1.770000e-06	7.823144e-06	1.575006e-08	5.556752e+01	1.037548e+03
1.780000e-06	7.787291e-06	1.575166e-08	5.531286e+01	1.035754e+03
1.790000e-06	7.749078e-06	1.575831e-08	5.504143e+01	1.033857e+03
1.800000e-06	7.708750e-06	1.571317e-08	5.475499e+01	1.031840e+03
1.810000e-06	7.666198e-06	1.568699e-08	5.445273e+01	1.029680e+03
1.820000e-06	7.620972e-06	1.566306e-08	5.413150e+01	1.027357e+03
1.830000e-06	7.573136e-06	1.564062e-08	5.379172e+01	1.024852e+03
1.840000e-06	7.522454e-06	1.563735e-08	5.343173e+01	1.022148e+03
1.850000e-06	7.468742e-06	1.559823e-08	5.305021e+01	1.019232e+03
1.860000e-06	7.412235e-06	1.553982e-08	5.264885e+01	1.016094e+03
1.870000e-06	7.353080e-06	1.541868e-08	5.222867e+01	1.012727e+03
1.880000e-06	7.291264e-06	1.535544e-08	5.178959e+01	1.009129e+03
1.890000e-06	7.226637e-06	1.537088e-08	5.133055e+01	1.005299e+03
1.900000e-06	7.159213e-06	1.531846e-08	5.085164e+01	1.001238e+03
1.910000e-06	7.088952e-06	1.525367e-08	5.035258e+01	9.969503e+02
1.920000e-06	7.015934e-06	1.515829e-08	4.983394e+01	9.924398e+02
1.930000e-06	6.940293e-06	1.505749e-08	4.929666e+01	9.877117e+02
1.940000e-06	6.861851e-06	1.500312e-08	4.873948e+01	9.827715e+02
1.950000e-06	6.780783e-06	1.497276e-08	4.816366e+01	9.776248e+02
1.960000e-06	6.697261e-06	1.490747e-08	4.757041e+01	9.722769e+02
1.970000e-06	6.611181e-06	1.477506e-08	4.695899e+01	9.667319e+02
1.980000e-06	6.522612e-06	1.466072e-08	4.632988e+01	9.609931e+02
1.990000e-06	6.431778e-06	1.456694e-08	4.568470e+01	9.550614e+02
2.000000e-06	6.338801e-06	1.449865e-08	4.502428e+01	9.489359e+02
2.010000e-06	6.243560e-06	1.443373e-08	4.434779e+01	9.426129e+02
2.020000e-06	6.146037e-06	1.433293e-08	4.365509e+01	9.360863e+02
2.030000e-06	6.046324e-06	1.419595e-08	4.294683e+01	9.293478e+02
2.040000e-06	5.944487e-06	1.405859e-08	4.222348e+01	9.223872e+02
2.050000e-06	5.840497e-06	1.397348e-08	4.148485e+01	9.151935e+02
2.060000e-06	5.734462e-06	1.389575e-08	4.073168e+01	9.077558e+02
2.070000e-06	5.626513e-06	1.377253e-08	3.996492e+01	9.000641e+02
2.080000e-06	5.516622e-06	1.362782e-08	3.918437e+01	8.921102e+02
2.090000e-06	5.404682e-06	1.350026e-08	3.838927e+01	8.838883e+02
2.100000e-06	5.290666e-06	1.337254e-08	3.757941e+01	8.753951e+02
2.110000e-06	5.174700e-06	1.325630e-08	3.675571e+01	8.666296e+02
2.120000e-06	5.056695e-06	1.314720e-08	3.591753e+01	8.575921e+02
2.130000e-06	4.936673e-06	1.299492e-08	3.506502e+01	8.482833e+02
2.140000e-06	4.814827e-06	1.280854e-08	3.419954e+01	8.387029e+02
2.150000e-06	4.691285e-06	1.265194e-08	3.332203e+01	8.288485e+02
2.160000e-06	4.566080e-06	1.253220e-08	3.243271e+01	8.187144e+02
2.170000e-06	4.439168e-06	1.239236e-08	3.153126e+01	8.082910e+02
2.180000e-06	4.310559e-06	1.221428e-08	3.061775e+01	7.975650e+02
2.190000e-06	4.180396e-06	1.202988e-08	2.969321e+01	7.865197e+02
2.200000e-06	4.048765e-06	1.184965e-08	2.875824e+01	7.751364e+02
2.210000e-06	3.915664e-06	1.167060e-08	2.781283e+01	7.633957e+02
2.220000e-06	3.781084e-06	1.150921e-08	2.685691e+01	7.512797e+02
2.230000e-06	3.645054e-06	1.133926e-08	2.589069e+01	7.387730e+02
2.240000e-06	3.507655e-06	1.112430e-08	2.491475e+01	7.258645e+02
2.250000e-06	3.368888e-06	1.089117e-08	2.392910e+01	7.125476e+02
2.260000e-06	3.228799e-06	1.068677e-08	2.293405e+01	6.988203e+02
2.270000e-06	3.087464e-06	1.050080e-08	2.193015e+01	6.846838e+02
2.280000e-06	2.944855e-06	1.029002e-08	2.091721e+01	6.701407e+02
2.290000e-06	2.801078e-06	1.005287e-08	1.989596e+01	6.551933e+02
2.300000e-06	2.656329e-06	9.809150e-09	1.886781e+01	6.398405e+02
2.310000e-06	2.510732e-06	9.564351e-09	1.783364e+01	6.240760e+02
2.320000e-06	2.364342e-06	9.323027e-09	1.679384e+01	6.078870e+02
2.330000e-06	2.217067e-06	9.084310e-09	1.574775e+01	5.912529e+02
2.340000e-06	2.068962e-06	8.827221e-09	1.469576e+01	5.741466e+02
2.350000e-06	1.920251e-06	8.539812e-09	1.363948e+01	5.565356e+02
2.360000e-06	1.771000e-06	8.247410e-09	1.257935e+01	5.383844e+02
2.370000e-06	1.621216e-06	7.968555e-09	1.151544e+01	5.196579e+02
2.380000e-06	1.470893e-06	7.688573e-09	1.044770e+01	5.003243e+02
2.390000e-06	1.319963e-06	7.386754e-09	9.375653e+00	4.803575e+02
2.400000e-06	1.168503e-06	7.063450e-09	8.299834e+00	4.597391e+02
2.410000e-06	1.016636e-06	6.732688e-09	7.221129e+00	4.384580e+02
2.420000e-06	8.644331e-07	6.402377e-09	6.140038e+00	4.165098e+02
2.430000e-06	7.119522e-07	6.070284e-09	5.056971e+00	3.938930e+02
2.440000e-06	5.592430e-07	5.723448e-09	3.972284e+00	3.706057e+02
2.450000e-06	4.063303e-07	5.351686e-09	2.886150e+00	3.466398e+02
2.460000e-06	2.532940e-07	4.962509e-09	1.799138e+00	3.219770e+02
2.470000e-06	1.001552e-07	4.570386e-09	7.113990e-01	2.965846e+02
2.480000e-06	-5.304083e-08	4.179135e-09	-3.767472e-01	2.704129e+02
2.490000e-06	-2.062088e-07	3.774784e-09	-1.464694e+00	2.433963e+02
2.500000e-06	-3.593121e-07	3.345188e-09	-2.552182e+00	2.154556e+02
2.510000e-06	-5.123543e-07	2.893480e-09	-3.639235e+00	1.865042e+02
2.520000e-06	-6.652666e-07	2.427779e-09	-4.725365e+00	1.564570e+02
2.530000e-06	-8.179442e-07	1.954947e-09	-5.809829e+00	1.252406e+02
2.540000e-06	-9.703788e-07	1.470630e-09	-6.892566e+00	9.280502e+01
2.550000e-06	-1.122507e-06	9.604603e-10	-7.973125e+00	5.913482e+01
2.560000e-06	-1.274228e-06	4.211105e-10	-9.050797e+00	2.425898e+01
2.570000e-06	-1.425490e-06	-1.357395e-10	-1.012521e+01	-1.174230e+01
2.580000e-06	-1.576216e-06	-7.009663e-10	-1.119581e+01	-4.873443e+01
2.590000e-06	-1.726226e-06	-1.276393e-09	-1.226133e+01	-8.652971e+01
2.600000e-06	-1.875504e-06	-1.864026e-09	-1.332164e+01	-1.248932e+02
2.610000e-06	-2.024152e-06	-2.461064e-09	-1.437748e+01	-1.635527e+02
2.620000e-06	-2.172125e-06	-3.061010e-09	-1.542852e+01	-2.022127e+02
2.630000e-06	-2.319258e-06	-3.654470e-09	-1.647361e+01	-2.405696e+02
2.640000e-06	-2.465518e-06	-4.233568e-09	-1.751249e+01	-2.783290e+02
2.650000e-06	-2.610912e-06	-4.797072e-09	-1.854522e+01	-3.152209e+02
2.660000e-06	-2.755329e-06	-5.348167e-09	-1.957100e+01	-3.510142e+02
2.670000e-06	-2.898642e-06	-5.879403e-09	-2.058895e+01	-3.855260e+02
2.680000e-06	-3.040745e-06	-6.381328e-09	-2.159830e+01	-4.186281e+02
2.690000e-06	-3.181609e-06	-6.857448e-09	-2.259886e+01	-4.502480e+02
2.700000e-06	-3.321190e-06	-7.312677e-09	-2.359030e+01	-4.803659e+02
2.710000e-06	-3.459530e-06	-7.749590e-09	-2.457292e+01	-5.090070e+02
2.720000e-06	-3.596625e-06	-8.169994e-09	-2.554670e+01	-5.362321e+02
2.730000e-06	-3.732440e-06	-8.573724e-09	-2.651139e+01	-5.621257e+02
2.740000e-06	-3.866886e-06	-8.959976e-09	-2.746636e+01	-5.867840e+02
2.750000e-06	-3.999883e-06	-9.325797e-09	-2.841103e+01	-6.103044e+02
2.760000e-06	-4.131490e-06	-9.671169e-09	-2.934583e+01	-6.327764e+02
2.770000e-06	-4.261697e-06	-9.998617e-09	-3.027068e+01	-6.542761e+02
2.780000e-06	-4.390513e-06	-1.031014e-08	-3.118566e+01	-6.748628e+02
2.790000e-06	-4.517823e-06	-1.060782e-08	-3.208994e+01	-6.945796e+02
2.800000e-06	-4.643480e-06	-1.089319e-08	-3.298248e+01	-7.134556e+02
2.810000e-06	-4.767475e-06	-1.116722e-08	-3.386321e+01	-7.315110e+02
2.820000e-06	-4.889842e-06	-1.143011e-08	-3.473238e+01	-7.487613e+02
2.830000e-06	-5.010482e-06	-1.168262e-08	-3.558928e+01	-7.652231e+02
2.840000e-06	-5.129095e-06	-1.192585e-08	-3.643178e+01	-7.809178e+02
2.850000e-06	-5.245633e-06	-1.215793e-08	-3.725955e+01	-7.958743e+02
2.860000e-06	-5.360116e-06	-1.237912e-08	-3.807272e+01	-8.101296e+02
2.870000e-06	-5.472385e-06	-1.259098e-08	-3.887016e+01	-8.237276e+02
2.880000e-06	-5.582486e-06	-1.279101e-08	-3.965220e+01	-8.367165e+02
2.890000e-06	-5.690655e-06	-1.298154e-08	-4.042053e+01	-8.491450e+02
2.900000e-06	-5.796994e-06	-1.316530e-08	-4.117585e+01	-8.610583e+02
2.910000e-06	-5.901315e-06	-1.334259e-08	-4.191683e+01	-8.724948e+02
2.920000e-06	-6.003365e-06	-1.351133e-08	-4.264169e+01	-8.834828e+02
2.930000e-06	-6.103111e-06	-1.367243e-08	-4.335019e+01	-8.940400e+02
2.940000e-06	-6.200690e-06	-1.382712e-08	-4.404329e+01	-9.041734e+02
2.950000e-06	-6.296122e-06	-1.397422e-08	-4.472113e+01	-9.138812e+02
2.960000e-06	-6.389241e-06	-1.411397e-08	-4.538256e+01	-9.231560e+02
2.970000e-06	-6.480098e-06	-1.424730e-08	-4.602791e+01	-9.319887e+02
2.980000e-06	-6.568721e-06	-1.437390e-08	-4.665740e+01	-9.403722e+02
2.990000e-06	-6.654877e-06	-1.449142e-08	-4.726936e+01	-9.483051e+02
3.000000e-06	-6.738597e-06	-1.460391e-08	-4.786402e+01	-9.557938e+02
3.010000e-06	-6.820048e-06	-1.471215e-08	-4.844256e+01	-9.628539e+02
3.020000e-06	-6.899030e-06	-1.481504e-08	-4.900357e+01	-9.695094e+02
3.030000e-06	-6.975254e-06	-1.491300e-08	-4.954499e+01	-9.757914e+02
3.040000e-06	-7.048827e-06	-1.500680e-08	-5.006757e+01	-9.817347e+02
3.050000e-06	-7.119874e-06	-1.509592e-08	-5.057222e+01	-9.873745e+02
3.060000e-06	-7.188358e-06	-1.517983e-08	-5.105866e+01	-9.927426e+02
3.070000e-06	-7.254320e-06	-1.525970e-08	-5.152718e+01	-9.978643e+02
3.080000e-06	-7.317787e-06	-1.533582e-08	-5.197799e+01	-1.002756e+03
3.090000e-06	-7.378632e-06	-1.540631e-08	-5.241017e+01	-1.007425e+03
3.100000e-06	-7.436784e-06	-1.547140e-08	-5.282322e+01	-1.011869e+03
3.110000e-06	-7.492250e-06	-1.553307e-08	-5.321719e+01	-1.016077e+03
3.120000e-06	-7.544890e-06	-1.559334e-08	-5.359109e+01	-1.020035e+03
3.130000e-06	-7.594498e-06	-1.565051e-08	-5.394345e+01	-1.023725e+03
3.140000e-06	-7.641144e-06	-1.570395e-08	-5.427478e+01	-1.027134e+03
3.150000e-06	-7.685203e-06	-1.575368e-08	-5.458773e+01	-1.030250e+03
3.160000e-06	-7.726755e-06	-1.579896e-08	-5.488287e+01	-1.033070e+03
3.170000e-06	-7.765532e-06	-1.583890e-08	-5.515830e+01	-1.035599e+03
3.180000e-06	-7.801547e-06	-1.587281e-08	-5.541412e+01	-1.037849e+03
3.190000e-06	-7.834850e-06	-1.590351e-08	-5.565067e+01	-1.039837e+03
3.200000e-06	-7.865296e-06	-1.593276e-08	-5.586692e+01	-1.041587e+03
3.210000e-06	-7.892910e-06	-1.595839e-08	-5.606306e+01	-1.043122e+03
3.220000e-06	-7.917716e-06	-1.598028e-08	-5.623926e+01	-1.044465e+03
3.230000e-06	-7.939608e-06	-1.599984e-08	-5.639476e+01	-1.045632e+03
3.240000e-06	-7.958652e-06	-1.601711e-08	-5.653003e+01	-1.046636e+03
3.250000e-06	-7.974872e-06	-1.603149e-08	-5.664524e+01	-1.047483e+03
3.260000e-06	-7.988028e-06	-1.603967e-08	-5.673869e+01	-1.048170e+03
3.270000e-06	-7.998168e-06	-1.604415e-08	-5.681071e+01	-1.048690e+03
3.280000e-06	-8.005421e-06	-1.604596e-08	-5.686223e+01	-1.049033e+03
3.290000e-06	-8.009774e-06	-1.604510e-08	-5.689314e+01	-1.049188e+03
3.300000e-06	-8.011346e-06	-1.604186e-08	-5.690431e+01	-1.049145e+03
