# Temperatura_=_24.74
# Concentracion g/m^3_=_15000.0
# C_Vs_to_Am_M_A/Vsm_=_65563218390.804596
# pendiente_HvsI_1/m_=_3716.3
# ordenada_HvsI_A/m_=_1297.0
# frecuencia_Hz_=_302438.3816456746

Tiempo_(s)	Campo_(V.s)	Magnetizacion_(V.s)	Campo_(kA/m)	Magnetizacion_(A/m)
0.000000e+00	-8.029751e-06	-1.524422e-08	-5.690063e+01	-9.963874e+02
1.000000e-08	-8.026414e-06	-1.524055e-08	-5.687698e+01	-9.960672e+02
2.000000e-08	-8.020460e-06	-1.523294e-08	-5.683479e+01	-9.955559e+02
3.000000e-08	-8.011830e-06	-1.522221e-08	-5.677363e+01	-9.948569e+02
4.000000e-08	-8.000371e-06	-1.520736e-08	-5.669243e+01	-9.939791e+02
5.000000e-08	-7.985927e-06	-1.519141e-08	-5.659008e+01	-9.929363e+02
6.000000e-08	-7.968647e-06	-1.517202e-08	-5.646763e+01	-9.917456e+02
7.000000e-08	-7.949010e-06	-1.514596e-08	-5.632848e+01	-9.904265e+02
8.000000e-08	-7.926977e-06	-1.514874e-08	-5.617235e+01	-9.889978e+02
9.000000e-08	-7.901959e-06	-1.514270e-08	-5.599507e+01	-9.874767e+02
1.000000e-07	-7.873679e-06	-1.509913e-08	-5.579467e+01	-9.858762e+02
1.100000e-07	-7.842418e-06	-1.506516e-08	-5.557315e+01	-9.842047e+02
1.200000e-07	-7.808358e-06	-1.503219e-08	-5.533179e+01	-9.824644e+02
1.300000e-07	-7.771653e-06	-1.499404e-08	-5.507169e+01	-9.806520e+02
1.400000e-07	-7.732686e-06	-1.494915e-08	-5.479556e+01	-9.787583e+02
1.500000e-07	-7.691484e-06	-1.494342e-08	-5.450360e+01	-9.767696e+02
1.600000e-07	-7.647745e-06	-1.491132e-08	-5.419365e+01	-9.746686e+02
1.700000e-07	-7.601361e-06	-1.481155e-08	-5.386496e+01	-9.724359e+02
1.800000e-07	-7.552198e-06	-1.481548e-08	-5.351658e+01	-9.700512e+02
1.900000e-07	-7.499976e-06	-1.474980e-08	-5.314652e+01	-9.674948e+02
2.000000e-07	-7.444835e-06	-1.469501e-08	-5.275578e+01	-9.647483e+02
2.100000e-07	-7.387018e-06	-1.468823e-08	-5.234607e+01	-9.617962e+02
2.200000e-07	-7.326571e-06	-1.462470e-08	-5.191774e+01	-9.586257e+02
2.300000e-07	-7.263532e-06	-1.459715e-08	-5.147103e+01	-9.552280e+02
2.400000e-07	-7.197675e-06	-1.450081e-08	-5.100435e+01	-9.515977e+02
2.500000e-07	-7.129015e-06	-1.444726e-08	-5.051781e+01	-9.477328e+02
2.600000e-07	-7.057656e-06	-1.439216e-08	-5.001214e+01	-9.436351e+02
2.700000e-07	-6.983504e-06	-1.431231e-08	-4.948668e+01	-9.393088e+02
2.800000e-07	-6.906566e-06	-1.423029e-08	-4.894149e+01	-9.347606e+02
2.900000e-07	-6.826768e-06	-1.415186e-08	-4.837602e+01	-9.299985e+02
3.000000e-07	-6.744390e-06	-1.409164e-08	-4.779227e+01	-9.250314e+02
3.100000e-07	-6.659776e-06	-1.399750e-08	-4.719268e+01	-9.198674e+02
3.200000e-07	-6.572925e-06	-1.393625e-08	-4.657723e+01	-9.145138e+02
3.300000e-07	-6.483696e-06	-1.386224e-08	-4.594493e+01	-9.089754e+02
3.400000e-07	-6.392084e-06	-1.376594e-08	-4.529575e+01	-9.032545e+02
3.500000e-07	-6.298205e-06	-1.367553e-08	-4.463051e+01	-8.973500e+02
3.600000e-07	-6.201993e-06	-1.358269e-08	-4.394872e+01	-8.912576e+02
3.700000e-07	-6.103421e-06	-1.349105e-08	-4.325022e+01	-8.849701e+02
3.800000e-07	-6.002600e-06	-1.338474e-08	-4.253578e+01	-8.784775e+02
3.900000e-07	-5.899707e-06	-1.328207e-08	-4.180666e+01	-8.717688e+02
4.000000e-07	-5.794798e-06	-1.317551e-08	-4.106325e+01	-8.648322e+02
4.100000e-07	-5.687861e-06	-1.306694e-08	-4.030547e+01	-8.576567e+02
4.200000e-07	-5.578941e-06	-1.294968e-08	-3.953364e+01	-8.502331e+02
4.300000e-07	-5.468059e-06	-1.283140e-08	-3.874790e+01	-8.425547e+02
4.400000e-07	-5.355086e-06	-1.270678e-08	-3.794735e+01	-8.346174e+02
4.500000e-07	-5.239872e-06	-1.257738e-08	-3.713092e+01	-8.264200e+02
4.600000e-07	-5.122641e-06	-1.245187e-08	-3.630019e+01	-8.179631e+02
4.700000e-07	-5.003616e-06	-1.232787e-08	-3.545675e+01	-8.092485e+02
4.800000e-07	-4.882791e-06	-1.219595e-08	-3.460056e+01	-8.002775e+02
4.900000e-07	-4.760188e-06	-1.205360e-08	-3.373177e+01	-7.910501e+02
5.000000e-07	-4.635862e-06	-1.190729e-08	-3.285077e+01	-7.815629e+02
5.100000e-07	-4.509893e-06	-1.175052e-08	-3.195812e+01	-7.718091e+02
5.200000e-07	-4.382322e-06	-1.159540e-08	-3.105412e+01	-7.617776e+02
5.300000e-07	-4.253154e-06	-1.143900e-08	-3.013881e+01	-7.514533e+02
5.400000e-07	-4.122354e-06	-1.127516e-08	-2.921193e+01	-7.408182e+02
5.500000e-07	-3.989922e-06	-1.110006e-08	-2.827349e+01	-7.298529e+02
5.600000e-07	-3.856034e-06	-1.092405e-08	-2.732473e+01	-7.185378e+02
5.700000e-07	-3.720752e-06	-1.074836e-08	-2.636609e+01	-7.068557e+02
5.800000e-07	-3.583994e-06	-1.056588e-08	-2.539699e+01	-6.947928e+02
5.900000e-07	-3.445852e-06	-1.037500e-08	-2.441809e+01	-6.823402e+02
6.000000e-07	-3.306299e-06	-1.018115e-08	-2.342918e+01	-6.694938e+02
6.100000e-07	-3.165278e-06	-9.981468e-09	-2.242988e+01	-6.562545e+02
6.200000e-07	-3.022908e-06	-9.770471e-09	-2.142101e+01	-6.426264e+02
6.300000e-07	-2.879333e-06	-9.556530e-09	-2.040360e+01	-6.286152e+02
6.400000e-07	-2.734666e-06	-9.337290e-09	-1.937846e+01	-6.142255e+02
6.500000e-07	-2.589011e-06	-9.109067e-09	-1.834632e+01	-5.994585e+02
6.600000e-07	-2.442477e-06	-8.871668e-09	-1.730794e+01	-5.843100e+02
6.700000e-07	-2.295234e-06	-8.633694e-09	-1.626455e+01	-5.687684e+02
6.800000e-07	-2.147285e-06	-8.390230e-09	-1.521615e+01	-5.528149e+02
6.900000e-07	-1.998555e-06	-8.137066e-09	-1.416221e+01	-5.364233e+02
7.000000e-07	-1.849237e-06	-7.877079e-09	-1.310411e+01	-5.195624e+02
7.100000e-07	-1.699458e-06	-7.612212e-09	-1.204274e+01	-5.021978e+02
7.200000e-07	-1.549145e-06	-7.341756e-09	-1.097759e+01	-4.842956e+02
7.300000e-07	-1.398195e-06	-7.061599e-09	-9.907923e+00	-4.658251e+02
7.400000e-07	-1.246662e-06	-6.773146e-09	-8.834129e+00	-4.467619e+02
7.500000e-07	-1.094711e-06	-6.472768e-09	-7.757371e+00	-4.270893e+02
7.600000e-07	-9.424396e-07	-6.163055e-09	-6.678340e+00	-4.067986e+02
7.700000e-07	-7.898512e-07	-5.843253e-09	-5.597064e+00	-3.858887e+02
7.800000e-07	-6.368970e-07	-5.514287e-09	-4.513196e+00	-3.643628e+02
7.900000e-07	-4.837099e-07	-5.178388e-09	-3.427678e+00	-3.422248e+02
8.000000e-07	-3.303778e-07	-4.834208e-09	-2.341132e+00	-3.194751e+02
8.100000e-07	-1.768997e-07	-4.478757e-09	-1.253552e+00	-2.961057e+02
8.200000e-07	-2.333591e-08	-4.108003e-09	-1.653635e-01	-2.720961e+02
8.300000e-07	1.303015e-07	-3.725424e-09	9.233460e-01	-2.474113e+02
8.400000e-07	2.839058e-07	-3.333918e-09	2.011820e+00	-2.220013e+02
8.500000e-07	4.374081e-07	-2.935428e-09	3.099573e+00	-1.958030e+02
8.600000e-07	5.907924e-07	-2.524545e-09	4.186489e+00	-1.687449e+02
8.700000e-07	7.439935e-07	-2.098332e-09	5.272106e+00	-1.407545e+02
8.800000e-07	8.969783e-07	-1.657685e-09	6.356191e+00	-1.117670e+02
8.900000e-07	1.049690e-06	-1.201457e-09	7.438341e+00	-8.173516e+01
9.000000e-07	1.202039e-06	-7.303341e-10	8.517919e+00	-5.063920e+01
9.100000e-07	1.353934e-06	-2.437448e-10	9.594284e+00	-1.849558e+01
9.200000e-07	1.505281e-06	2.584454e-10	1.066676e+01	1.463662e+01
9.300000e-07	1.656021e-06	7.749508e-10	1.173494e+01	4.865229e+01
9.400000e-07	1.806165e-06	1.302611e-09	1.279890e+01	8.340068e+01
9.500000e-07	1.955658e-06	1.840685e-09	1.385824e+01	1.186896e+02
9.600000e-07	2.104457e-06	2.385048e-09	1.491266e+01	1.542931e+02
9.700000e-07	2.252524e-06	2.931470e-09	1.596189e+01	1.899630e+02
9.800000e-07	2.399733e-06	3.475981e-09	1.700505e+01	2.254409e+02
9.900000e-07	2.545989e-06	4.010566e-09	1.804146e+01	2.604728e+02
1.000000e-06	2.691344e-06	4.529345e-09	1.907147e+01	2.948225e+02
1.010000e-06	2.835739e-06	5.031608e-09	2.009469e+01	3.282827e+02
1.020000e-06	2.978978e-06	5.520183e-09	2.110971e+01	3.606849e+02
1.030000e-06	3.121065e-06	5.993544e-09	2.211657e+01	3.919042e+02
1.040000e-06	3.261940e-06	6.448874e-09	2.311484e+01	4.218620e+02
1.050000e-06	3.401482e-06	6.883165e-09	2.410367e+01	4.505231e+02
1.060000e-06	3.539658e-06	7.297249e-09	2.508282e+01	4.778914e+02
1.070000e-06	3.676476e-06	7.694848e-09	2.605234e+01	5.040017e+02
1.080000e-06	3.811893e-06	8.076518e-09	2.701194e+01	5.289109e+02
1.090000e-06	3.945983e-06	8.440506e-09	2.796212e+01	5.526886e+02
1.100000e-06	4.078744e-06	8.785945e-09	2.890290e+01	5.754080e+02
1.110000e-06	4.209994e-06	9.115744e-09	2.983297e+01	5.971390e+02
1.120000e-06	4.339758e-06	9.429770e-09	3.075251e+01	6.179429e+02
1.130000e-06	4.468055e-06	9.732727e-09	3.166165e+01	6.378697e+02
1.140000e-06	4.594825e-06	1.002442e-08	3.255997e+01	6.569581e+02
1.150000e-06	4.720020e-06	1.030214e-08	3.344713e+01	6.752365e+02
1.160000e-06	4.843588e-06	1.056629e-08	3.432276e+01	6.927267e+02
1.170000e-06	4.965466e-06	1.081597e-08	3.518642e+01	7.094473e+02
1.180000e-06	5.085558e-06	1.105565e-08	3.603741e+01	7.254175e+02
1.190000e-06	5.203791e-06	1.128639e-08	3.687524e+01	7.406598e+02
1.200000e-06	5.320069e-06	1.150810e-08	3.769921e+01	7.552023e+02
1.210000e-06	5.434237e-06	1.171978e-08	3.850823e+01	7.690786e+02
1.220000e-06	5.546223e-06	1.191986e-08	3.930179e+01	7.823272e+02
1.230000e-06	5.656236e-06	1.211001e-08	4.008136e+01	7.949892e+02
1.240000e-06	5.764344e-06	1.229120e-08	4.084745e+01	8.071055e+02
1.250000e-06	5.870335e-06	1.246775e-08	4.159852e+01	8.187137e+02
1.260000e-06	5.974156e-06	1.263914e-08	4.233422e+01	8.298452e+02
1.270000e-06	6.075796e-06	1.280153e-08	4.305446e+01	8.405236e+02
1.280000e-06	6.175173e-06	1.295625e-08	4.375867e+01	8.507640e+02
1.290000e-06	6.272176e-06	1.310539e-08	4.444605e+01	8.605728e+02
1.300000e-06	6.366813e-06	1.325045e-08	4.511668e+01	8.699502e+02
1.310000e-06	6.459227e-06	1.338851e-08	4.577154e+01	8.788923e+02
1.320000e-06	6.549394e-06	1.351732e-08	4.641048e+01	8.873944e+02
1.330000e-06	6.637207e-06	1.363862e-08	4.703275e+01	8.954542e+02
1.340000e-06	6.722714e-06	1.375401e-08	4.763867e+01	9.030745e+02
1.350000e-06	6.805881e-06	1.386267e-08	4.822801e+01	9.102648e+02
1.360000e-06	6.886577e-06	1.396511e-08	4.879984e+01	9.170423e+02
1.370000e-06	6.964764e-06	1.406348e-08	4.935389e+01	9.234315e+02
1.380000e-06	7.040326e-06	1.415589e-08	4.988934e+01	9.294621e+02
1.390000e-06	7.113142e-06	1.424082e-08	5.040533e+01	9.351668e+02
1.400000e-06	7.183441e-06	1.432198e-08	5.090348e+01	9.405777e+02
1.410000e-06	7.251261e-06	1.440011e-08	5.138407e+01	9.457241e+02
1.420000e-06	7.316453e-06	1.447402e-08	5.184604e+01	9.506288e+02
1.430000e-06	7.379056e-06	1.454375e-08	5.228965e+01	9.553069e+02
1.440000e-06	7.439133e-06	1.461166e-08	5.271538e+01	9.597647e+02
1.450000e-06	7.496632e-06	1.467851e-08	5.312282e+01	9.640002e+02
1.460000e-06	7.551432e-06	1.474182e-08	5.351115e+01	9.680043e+02
1.470000e-06	7.603241e-06	1.479872e-08	5.387829e+01	9.717636e+02
1.480000e-06	7.651921e-06	1.484739e-08	5.422324e+01	9.752631e+02
1.490000e-06	7.697810e-06	1.489185e-08	5.454842e+01	9.784892e+02
1.500000e-06	7.741047e-06	1.493426e-08	5.485481e+01	9.814321e+02
1.510000e-06	7.781514e-06	1.497340e-08	5.514157e+01	9.840886e+02
1.520000e-06	7.819285e-06	1.500862e-08	5.540922e+01	9.864621e+02
1.530000e-06	7.854338e-06	1.503987e-08	5.565761e+01	9.885634e+02
1.540000e-06	7.886496e-06	1.506817e-08	5.588549e+01	9.904095e+02
1.550000e-06	7.915876e-06	1.509313e-08	5.609369e+01	9.920213e+02
1.560000e-06	7.942449e-06	1.511515e-08	5.628199e+01	9.934218e+02
1.570000e-06	7.966053e-06	1.513376e-08	5.644925e+01	9.946330e+02
1.580000e-06	7.986856e-06	1.514804e-08	5.659667e+01	9.956738e+02
1.590000e-06	8.004852e-06	1.515955e-08	5.672419e+01	9.965582e+02
1.600000e-06	8.019896e-06	1.517082e-08	5.683080e+01	9.972937e+02
1.610000e-06	8.031825e-06	1.518050e-08	5.691533e+01	9.978819e+02
1.620000e-06	8.040620e-06	1.518652e-08	5.697765e+01	9.983188e+02
1.630000e-06	8.046504e-06	1.518915e-08	5.701935e+01	9.985962e+02
1.640000e-06	8.049502e-06	1.519093e-08	5.704059e+01	9.987038e+02
1.650000e-06	8.049631e-06	1.519095e-08	5.704150e+01	9.986319e+02
1.660000e-06	8.047124e-06	1.518528e-08	5.702374e+01	9.983725e+02
1.670000e-06	8.041987e-06	1.517965e-08	5.698734e+01	9.979222e+02
1.680000e-06	8.034117e-06	1.517017e-08	5.693157e+01	9.972825e+02
1.690000e-06	8.023559e-06	1.515743e-08	5.685675e+01	9.964605e+02
1.700000e-06	8.010130e-06	1.514446e-08	5.676159e+01	9.954686e+02
1.710000e-06	7.993967e-06	1.513186e-08	5.664706e+01	9.943231e+02
1.720000e-06	7.975469e-06	1.511943e-08	5.651598e+01	9.930428e+02
1.730000e-06	7.954616e-06	1.506009e-08	5.636821e+01	9.916470e+02
1.740000e-06	7.930820e-06	1.504148e-08	5.619958e+01	9.901535e+02
1.750000e-06	7.903485e-06	1.504079e-08	5.600588e+01	9.885771e+02
1.760000e-06	7.872627e-06	1.501475e-08	5.578721e+01	9.869275e+02
1.770000e-06	7.838872e-06	1.498927e-08	5.554802e+01	9.852091e+02
1.780000e-06	7.802738e-06	1.498055e-08	5.529196e+01	9.834202e+02
1.790000e-06	7.764268e-06	1.492126e-08	5.501936e+01	9.815536e+02
1.800000e-06	7.723733e-06	1.484105e-08	5.473211e+01	9.795968e+02
1.810000e-06	7.680958e-06	1.488962e-08	5.442900e+01	9.775336e+02
1.820000e-06	7.635552e-06	1.482337e-08	5.410725e+01	9.753451e+02
1.830000e-06	7.587450e-06	1.484639e-08	5.376638e+01	9.730111e+02
1.840000e-06	7.536346e-06	1.484317e-08	5.340425e+01	9.705116e+02
1.850000e-06	7.482243e-06	1.473950e-08	5.302086e+01	9.678277e+02
1.860000e-06	7.425403e-06	1.473961e-08	5.261808e+01	9.649428e+02
1.870000e-06	7.365948e-06	1.461474e-08	5.219677e+01	9.618434e+02
1.880000e-06	7.303768e-06	1.460271e-08	5.175615e+01	9.585191e+02
1.890000e-06	7.238776e-06	1.457376e-08	5.129560e+01	9.549636e+02
1.900000e-06	7.171079e-06	1.449025e-08	5.081589e+01	9.511737e+02
1.910000e-06	7.100499e-06	1.446768e-08	5.031574e+01	9.471501e+02
1.920000e-06	7.027110e-06	1.437195e-08	4.979569e+01	9.428963e+02
1.930000e-06	6.951031e-06	1.433584e-08	4.925658e+01	9.384182e+02
1.940000e-06	6.872094e-06	1.424434e-08	4.869721e+01	9.337236e+02
1.950000e-06	6.790550e-06	1.418841e-08	4.811937e+01	9.288211e+02
1.960000e-06	6.706609e-06	1.412014e-08	4.752455e+01	9.237192e+02
1.970000e-06	6.620133e-06	1.399731e-08	4.691176e+01	9.184255e+02
1.980000e-06	6.531158e-06	1.393668e-08	4.628126e+01	9.129458e+02
1.990000e-06	6.439948e-06	1.383360e-08	4.563493e+01	9.072832e+02
2.000000e-06	6.346547e-06	1.377146e-08	4.497306e+01	9.014376e+02
2.010000e-06	6.250804e-06	1.367160e-08	4.429461e+01	8.954060e+02
2.020000e-06	6.152839e-06	1.358479e-08	4.360040e+01	8.891817e+02
2.030000e-06	6.052731e-06	1.348461e-08	4.289102e+01	8.827559e+02
2.040000e-06	5.950384e-06	1.337091e-08	4.216576e+01	8.761176e+02
2.050000e-06	5.845861e-06	1.327030e-08	4.142509e+01	8.692551e+02
2.060000e-06	5.739392e-06	1.315182e-08	4.067063e+01	8.621572e+02
2.070000e-06	5.631026e-06	1.305019e-08	3.990273e+01	8.548139e+02
2.080000e-06	5.520642e-06	1.292616e-08	3.912052e+01	8.472176e+02
2.090000e-06	5.408193e-06	1.281777e-08	3.832368e+01	8.393634e+02
2.100000e-06	5.293738e-06	1.269276e-08	3.751262e+01	8.312493e+02
2.110000e-06	5.177272e-06	1.256932e-08	3.668732e+01	8.228752e+02
2.120000e-06	5.058702e-06	1.243794e-08	3.584711e+01	8.142429e+02
2.130000e-06	4.938190e-06	1.230641e-08	3.499313e+01	8.053539e+02
2.140000e-06	4.815974e-06	1.216631e-08	3.412708e+01	7.962087e+02
2.150000e-06	4.692124e-06	1.202396e-08	3.324945e+01	7.868053e+02
2.160000e-06	4.566514e-06	1.187834e-08	3.235935e+01	7.771379e+02
2.170000e-06	4.439077e-06	1.172117e-08	3.145630e+01	7.671967e+02
2.180000e-06	4.310031e-06	1.156418e-08	3.054185e+01	7.569680e+02
2.190000e-06	4.179562e-06	1.140177e-08	2.961732e+01	7.464345e+02
2.200000e-06	4.047565e-06	1.124482e-08	2.868196e+01	7.355771e+02
2.210000e-06	3.914028e-06	1.107664e-08	2.773569e+01	7.243762e+02
2.220000e-06	3.778970e-06	1.090549e-08	2.677863e+01	7.128134e+02
2.230000e-06	3.642434e-06	1.072144e-08	2.581111e+01	7.008738e+02
2.240000e-06	3.504615e-06	1.052664e-08	2.483449e+01	6.885467e+02
2.250000e-06	3.365468e-06	1.032567e-08	2.384847e+01	6.758267e+02
2.260000e-06	3.224951e-06	1.012985e-08	2.285273e+01	6.627130e+02
2.270000e-06	3.083149e-06	9.933409e-09	2.184789e+01	6.492089e+02
2.280000e-06	2.940122e-06	9.726321e-09	2.083437e+01	6.353199e+02
2.290000e-06	2.795935e-06	9.509087e-09	1.981263e+01	6.210512e+02
2.300000e-06	2.650735e-06	9.285930e-09	1.878371e+01	6.064053e+02
2.310000e-06	2.504756e-06	9.059474e-09	1.774926e+01	5.913799e+02
2.320000e-06	2.357989e-06	8.827984e-09	1.670924e+01	5.759660e+02
2.330000e-06	2.210323e-06	8.589716e-09	1.566285e+01	5.601471e+02
2.340000e-06	2.061855e-06	8.338662e-09	1.461077e+01	5.438992e+02
2.350000e-06	1.912701e-06	8.077101e-09	1.355383e+01	5.271924e+02
2.360000e-06	1.762928e-06	7.810247e-09	1.249251e+01	5.099931e+02
2.370000e-06	1.612599e-06	7.541575e-09	1.142724e+01	4.922669e+02
2.380000e-06	1.461786e-06	7.264025e-09	1.035855e+01	4.739818e+02
2.390000e-06	1.310552e-06	6.975682e-09	9.286871e+00	4.551110e+02
2.400000e-06	1.158836e-06	6.680001e-09	8.211770e+00	4.356352e+02
2.410000e-06	1.006618e-06	6.378065e-09	7.133126e+00	4.155433e+02
2.420000e-06	8.540409e-07	6.067304e-09	6.051927e+00	3.948319e+02
2.430000e-06	7.011775e-07	5.743700e-09	4.968702e+00	3.735031e+02
2.440000e-06	5.480457e-07	5.406443e-09	3.883575e+00	3.515612e+02
2.450000e-06	3.947175e-07	5.056917e-09	2.797057e+00	3.290082e+02
2.460000e-06	2.412717e-07	4.700304e-09	1.709706e+00	3.058391e+02
2.470000e-06	8.774664e-08	4.340391e-09	6.217925e-01	2.820380e+02
2.480000e-06	-6.584127e-08	3.973127e-09	-4.665661e-01	2.575747e+02
2.490000e-06	-2.194303e-07	3.591695e-09	-1.554933e+00	2.324038e+02
2.500000e-06	-3.729679e-07	3.193537e-09	-2.642934e+00	2.064660e+02
2.510000e-06	-5.264058e-07	2.781423e-09	-3.730230e+00	1.796919e+02
2.520000e-06	-6.796735e-07	2.355451e-09	-4.816320e+00	1.520085e+02
2.530000e-06	-8.327139e-07	1.915655e-09	-5.900799e+00	1.233473e+02
2.540000e-06	-9.854551e-07	1.463432e-09	-6.983157e+00	9.365448e+01
2.550000e-06	-1.137808e-06	9.956365e-10	-8.062763e+00	6.290029e+01
2.560000e-06	-1.289763e-06	5.128486e-10	-9.139549e+00	3.108877e+01
2.570000e-06	-1.441268e-06	1.604519e-11	-1.021315e+01	-1.735245e+00
2.580000e-06	-1.592189e-06	-4.962356e-10	-1.128261e+01	-3.548159e+01
2.590000e-06	-1.742521e-06	-1.023203e-09	-1.234789e+01	-7.001392e+01
2.600000e-06	-1.892181e-06	-1.562671e-09	-1.340842e+01	-1.051526e+02
2.610000e-06	-2.041131e-06	-2.111145e-09	-1.446392e+01	-1.406817e+02
2.620000e-06	-2.189353e-06	-2.661864e-09	-1.551425e+01	-1.763585e+02
2.630000e-06	-2.336664e-06	-3.209523e-09	-1.655813e+01	-2.119266e+02
2.640000e-06	-2.483116e-06	-3.752100e-09	-1.759592e+01	-2.471292e+02
2.650000e-06	-2.628731e-06	-4.286028e-09	-1.862778e+01	-2.817227e+02
2.660000e-06	-2.773359e-06	-4.805177e-09	-1.965265e+01	-3.154895e+02
2.670000e-06	-2.916886e-06	-5.303099e-09	-2.066972e+01	-3.482479e+02
2.680000e-06	-3.059196e-06	-5.779739e-09	-2.167815e+01	-3.798586e+02
2.690000e-06	-3.200339e-06	-6.239265e-09	-2.267833e+01	-4.102281e+02
2.700000e-06	-3.340224e-06	-6.680997e-09	-2.366958e+01	-4.393077e+02
2.710000e-06	-3.478753e-06	-7.104936e-09	-2.465123e+01	-4.670894e+02
2.720000e-06	-3.616041e-06	-7.512687e-09	-2.562408e+01	-4.935990e+02
2.730000e-06	-3.752006e-06	-7.905045e-09	-2.658756e+01	-5.188875e+02
2.740000e-06	-3.886596e-06	-8.282430e-09	-2.754130e+01	-5.430213e+02
2.750000e-06	-4.019776e-06	-8.641480e-09	-2.848504e+01	-5.660734e+02
2.760000e-06	-4.151465e-06	-8.980716e-09	-2.941822e+01	-5.881152e+02
2.770000e-06	-4.281791e-06	-9.302265e-09	-3.034174e+01	-6.092114e+02
2.780000e-06	-4.410769e-06	-9.608373e-09	-3.125571e+01	-6.294158e+02
2.790000e-06	-4.538190e-06	-9.903071e-09	-3.215864e+01	-6.487704e+02
2.800000e-06	-4.663985e-06	-1.018734e-08	-3.305005e+01	-6.673069e+02
2.810000e-06	-4.788156e-06	-1.045887e-08	-3.392996e+01	-6.850487e+02
2.820000e-06	-4.910667e-06	-1.071638e-08	-3.479810e+01	-7.020151e+02
2.830000e-06	-5.031437e-06	-1.096179e-08	-3.565390e+01	-7.182246e+02
2.840000e-06	-5.150266e-06	-1.120050e-08	-3.649595e+01	-7.336984e+02
2.850000e-06	-5.266962e-06	-1.143169e-08	-3.732288e+01	-7.484628e+02
2.860000e-06	-5.381522e-06	-1.165312e-08	-3.813468e+01	-7.625496e+02
2.870000e-06	-5.493979e-06	-1.186118e-08	-3.893158e+01	-7.759959e+02
2.880000e-06	-5.604295e-06	-1.205707e-08	-3.971330e+01	-7.888423e+02
2.890000e-06	-5.712627e-06	-1.224554e-08	-4.048096e+01	-8.011300e+02
2.900000e-06	-5.819076e-06	-1.242557e-08	-4.123529e+01	-8.128981e+02
2.910000e-06	-5.923443e-06	-1.259871e-08	-4.197485e+01	-8.241802e+02
2.920000e-06	-6.025549e-06	-1.276497e-08	-4.269840e+01	-8.350026e+02
2.930000e-06	-6.125408e-06	-1.292384e-08	-4.340603e+01	-8.453830e+02
2.940000e-06	-6.223116e-06	-1.307522e-08	-4.409841e+01	-8.553306e+02
2.950000e-06	-6.318587e-06	-1.322077e-08	-4.477494e+01	-8.648473e+02
2.960000e-06	-6.411698e-06	-1.336203e-08	-4.543474e+01	-8.739302e+02
2.970000e-06	-6.502519e-06	-1.349567e-08	-4.607832e+01	-8.825745e+02
2.980000e-06	-6.591065e-06	-1.361809e-08	-4.670577e+01	-8.907769e+02
2.990000e-06	-6.677253e-06	-1.373107e-08	-4.731652e+01	-8.985381e+02
3.000000e-06	-6.761047e-06	-1.384018e-08	-4.791030e+01	-9.058654e+02
3.010000e-06	-6.842487e-06	-1.394509e-08	-4.848741e+01	-9.127736e+02
3.020000e-06	-6.921399e-06	-1.404539e-08	-4.904659e+01	-9.192850e+02
3.030000e-06	-6.997612e-06	-1.414219e-08	-4.958666e+01	-9.254277e+02
3.040000e-06	-7.071259e-06	-1.423430e-08	-5.010854e+01	-9.312339e+02
3.050000e-06	-7.142330e-06	-1.432148e-08	-5.061216e+01	-9.367362e+02
3.060000e-06	-7.210800e-06	-1.440346e-08	-5.109736e+01	-9.419651e+02
3.070000e-06	-7.276770e-06	-1.448077e-08	-5.156483e+01	-9.469458e+02
3.080000e-06	-7.340175e-06	-1.455309e-08	-5.201414e+01	-9.516960e+02
3.090000e-06	-7.400914e-06	-1.462118e-08	-5.244455e+01	-9.562248e+02
3.100000e-06	-7.459031e-06	-1.468666e-08	-5.285638e+01	-9.605328e+02
3.110000e-06	-7.514429e-06	-1.474898e-08	-5.324894e+01	-9.646129e+02
3.120000e-06	-7.566989e-06	-1.480775e-08	-5.362139e+01	-9.684529e+02
3.130000e-06	-7.616541e-06	-1.486236e-08	-5.397253e+01	-9.720379e+02
3.140000e-06	-7.663102e-06	-1.491278e-08	-5.430247e+01	-9.753535e+02
3.150000e-06	-7.707081e-06	-1.496024e-08	-5.461412e+01	-9.783885e+02
3.160000e-06	-7.748578e-06	-1.500444e-08	-5.490817e+01	-9.811373e+02
3.170000e-06	-7.787334e-06	-1.504538e-08	-5.518281e+01	-9.836013e+02
3.180000e-06	-7.823274e-06	-1.507989e-08	-5.543749e+01	-9.857889e+02
3.190000e-06	-7.856477e-06	-1.510879e-08	-5.567277e+01	-9.877152e+02
3.200000e-06	-7.886817e-06	-1.513500e-08	-5.588777e+01	-9.894003e+02
3.210000e-06	-7.914253e-06	-1.515959e-08	-5.608218e+01	-9.908665e+02
3.220000e-06	-7.938885e-06	-1.518110e-08	-5.625673e+01	-9.921367e+02
3.230000e-06	-7.960654e-06	-1.519942e-08	-5.641099e+01	-9.932308e+02
3.240000e-06	-7.979559e-06	-1.521432e-08	-5.654496e+01	-9.941647e+02
3.250000e-06	-7.995601e-06	-1.522643e-08	-5.665864e+01	-9.949479e+02
3.260000e-06	-8.008517e-06	-1.523497e-08	-5.675016e+01	-9.955840e+02
3.270000e-06	-8.018377e-06	-1.524095e-08	-5.682003e+01	-9.960707e+02
3.280000e-06	-8.025345e-06	-1.524612e-08	-5.686940e+01	-9.964007e+02
3.290000e-06	-8.029423e-06	-1.524717e-08	-5.689831e+01	-9.965644e+02
3.300000e-06	-8.030759e-06	-1.524382e-08	-5.690777e+01	-9.965515e+02
